5623
13461
12197
19053
1484
10742
9304
2304
7304
12651
7805
4096
5263
226
18545
1951
14446
1289
17626
16320
11793
8954
7683
701
1430
2025
8626
19118
813
9477
8801
5649
17127
6205
12488
5698
12385
12235
4692
3685
638
12575
19158
6856
5771
19898
537
19893
13287
7248
16658
10004
14544
2949
1835
7203
6863
4911
17137
9438
17957
16519
18584
7283
8112
11287
9175
7861
8559
18476
15711
2694
19479
6849
16338
9164
16067
8761
9748
282
16104
11775
1984
2439
7474
9971
11768
5833
19055
12163
317
17262
3427
9194
16558
9967
4832
7494
13692
10210
10835
1103
18052
5286
11100
19336
16169
2637
11742
12281
11012
14777
18684
1311
3317
9697
8443
6814
18955
11454
9812
10305
8271
617
4847
13127
8334
9264
2610
18924
4035
10222
4102
12065
8968
5229
1835
9214
12037
1708
2455
6235
721
12846
5879
7613
16934
661
19372
10587
6430
6739
10001
1168
7666
339
3906
4251
11089
18552
5826
14990
4762
18188
17313
3627
7276
4102
17083
10973
13892
3619
11921
16716
6831
1774
11602
7749
5675
17029
6244
18707
18790
2173
9549
1898
1733
79
16351
8815
13561
9018
7925
10415
6993
17211
3484
8364
13354
11296
1305
14416
8244
8427
17923
127
8863
6655
18830
4098
18942
13310
19107
8908
2196
16054
17449
4956
10263
6298
11996
3378
16049
9666
11416
5237
8411
3205
19691
19165
9142
4018
18023
4656
18167
19001
12304
3185
17898
10397
19600
4354
12698
16826
12069
19233
4368
14495
1756
18110
9613
8271
14714
14813
10416
7307
7867
4803
13262
4900
7076
9229
18145
7283
9822
2121
3297
1021
969
2919
16579
13720
15015
1521
9471
7710
3301
8040
14593
11417
9586
4446
12699
18087
2442
305
88
6570
17911
19777
12355
3836
10840
12070
5428
13921
18351
2551
19833
2982
3886
6669
19114
15157
15238
13919
18351
18910
15038
13997
3716
8557
7117
2358
9001
10644
7181
7352
52
9892
11244
6131
3059
14365
248
1515
17619
4574
4321
16997
537
16189
15087
12089
11271
11052
19494
5177
14988
16185
13576
16087
4148
15463
19592
5556
4562
3656
14992
13763
16860
17526
6621
5153
9308
3654
8629
11700
2910
7698
7503
11826
14731
14761
2664
7147
10382
15565
16073
4237
1598
18107
9273
13605
9861
9496
11316
3060
1987
17647
6000
7661
8622
7535
11864
3441
1597
11680
13373
17077
11054
19559
6734
8714
8303
15630
8774
10120
5340
665
2325
5356
6957
16060
16551
6157
16390
15829
5654
19204
443
15954
14391
7482
5016
15796
3854
12908
16985
11235
15932
12408
13367
4236
19912
4650
3701
18539
9634
9600
16603
16135
4664
8102
6404
14241
13895
13662
831
7448
5036
13633
15660
4728
8416
1973
7278
15998
8536
10777
19093
7919
1821
12770
2726
13622
3996
11938
19936
6043
15526
4491
16190
9569
18566
17354
1842
9659
3849
16353
1844
5152
10953
1307
19931
12931
10385
10193
8209
19642
917
19585
18102
151
619
13551
13574
7421
15010
18191
12582
3513
10792
4009
7681
6376
8570
3306
1734
12136
13024
14774
19653
17551
3961
12497
2111
12337
16675
1516
12172
16043
5068
7182
10759
19157
5964
10452
1914
13151
8040
6338
13775
19128
13839
7683
6222
9776
8276
1462
1108
4306
12090
9782
16040
1069
3675
12785
7617
17535
17721
15626
15092
12326
14121
6728
373
8978
15560
19485
5311
6141
17233
14617
12214
3883
17134
5354
18518
802
349
12642
1553
1616
15782
2547
14354
19941
8774
3068
18429
5924
18023
2522
4457
13430
10270
16698
16812
6466
11172
16976
2893
9532
15799
16581
13160
11584
7209
17177
2838
18298
16514
2974
11221
12325
2896
14549
19503
6216
17001
19554
13090
17716
16144
2512
19316
2108
4773
879
16512
1289
18627
19564
15353
14281
16013
1095
18437
18849
4657
13616
9015
18923
17560
3903
4826
17505
16291
7585
17961
19755
5159
13765
6705
15937
4707
6220
10284
18923
17950
8369
2467
15923
7816
4198
4943
19153
9208
12336
6431
5110
4132
15452
18443
17147
13338
12183
3645
11041
2888
3760
17762
8230
9116
12534
10940
6424
10400
14581
19535
2251
19183
13581
4235
5659
12692
8143
15479
10729
5783
9793
12091
12610
14355
13775
4076
5252
2761
9882
15518
19628
13670
5494
8503
7129
3800
18006
14027
17826
13972
18843
806
8282
6916
16238
17937
18600
11268
8975
12339
3400
15199
8270
6928
6405
18105
9989
10436
13334
13807
4381
14845
2777
3685
15519
1343
19749
3204
7641
757
1606
10236
564
19399
11017
8658
1377
6256
15662
5624
4580
2465
19371
5979
17881
19015
14364
12226
15811
13603
9301
3512
8372
2593
12809
12042
16880
9006
17200
381
14209
12486
12040
8065
11619
12177
2270
977
19347
18438
10573
1899
13160
14360
8659
5707
4052
12990
7169
7623
13269
1222
18871
17979
19861
6286
14858
1911
12933
5774
18408
7447
5794
7131
6213
10398
14191
7563
11667
9507
5810
10291
9872
10296
13228
18090
9094
1032
7524
10050
18312
9265
14705
12498
5580
12370
2166
16
6872
527
7348
7497
10106
15584
5791
19172
4028
14232
779
5547
6647
8942
1739
4185
12914
5080
3610
5283
6318
17665
4349
7957
4100
16183
2773
18201
10770
10913
3918
4433
19609
19186
4106
11583
6844
15031
12910
19652
8194
10631
14193
17678
12463
3039
13423
9054
11864
4578
3444
9130
13785
378
5892
1035
3652
1469
10438
663
13601
6895
19058
6752
16641
13246
7503
17005
10982
15093
1171
16175
4239
4719
7554
7069
12177
4619
12458
393
11700
11182
12181
4385
12763
13006
18830
170
18898
12280
980
13778
11043
2667
6842
750
14352
2130
2145
4296
12694
4137
19908
12909
498
15683
4299
8395
6666
15563
15759
260
10212
11342
9583
7363
12330
18448
5153
12811
14583
9834
7990
3001
17877
9644
11839
6767
1940
9321
12952
15556
9965
9592
13767
10584
8122
16772
18175
7896
14620
6816
5547
17276
18003
15575
15727
15943
9380
18664
2162
2968
18262
9411
15371
5353
6700
8301
3928
11703
1414
2366
5155
14442
8595
17950
2706
6492
1074
15298
13241
3369
12539
18387
9360
6624
18489
18458
11000
9566
8617
14678
2473
11216
305
355
17341
9414
7919
8177
18303
9024
7595
12873
4299
6177
2193
14765
1996
14489
16128
12636
3871
4179
14738
19343
48
10049
7898
18632
16104
9235
2557
6574
14014
14691
13892
6072
18427
15329
9755
7873
15469
18756
8117
16513
16240
17546
12183
4654
2221
4991
12871
4223
14749
11251
13343
7819
15771
15860
15270
18798
12051
17516
11531
13500
22
7092
15017
4030
13472
14805
18239
15052
1243
7488
3428
13022
7150
16897
7801
11296
9277
4980
13704
19559
874
17072
18293
11008
4
18927
2459
5723
168
18538
3681
13667
19052
18679
2486
5759
7628
11109
17218
6441
6757
8374
6786
6194
3508
14138
6096
17432
4372
17997
3839
2205
7554
5693
17340
5169
1534
684
4130
10233
2092
17991
14960
4348
4968
16277
17918
16853
16363
19075
8349
7828
8452
1126
4264
3890
12110
742
11927
4867
4028
4147
11301
9786
10413
12727
16047
15620
14459
9126
7761
7219
19774
3130
9137
1879
6946
3271
5744
16968
5455
5095
11101
14064
8085
12021
14745
18029
63
9743
17969
14467
77
98
6927
13989
15385
5348
17791
16744
18192
18810
13642
15634
15477
2769
17791
1656
9478
19611
13208
19821
10995
7127
2759
9062
12723
13900
9927
4597
14785
15740
4707
6162
19666
19080
4367
563
18719
2295
3761
11986
17455
10859
14877
18492
11777
7287
313
18142
12364
1808
10365
13194
19387
14689
18417
5800
14747
6164
14319
3640
4010
14890
440
18943
5253
10885
84
9321
6974
13868
12959
13854
2287
12954
17381
2871
11562
8626
3909
4858
10720
2935
10085
18930
7348
8864
10983
6315
11849
14777
5243
19266
15781
4917
1278
10865
14609
1868
13352
14137
17023
1930
2198
3917
8036
19342
19883
19912
18033
288
3595
14390
14972
12629
8048
12935
1906
2294
11176
1709
7034
12266
12832
19647
18456
5106
11145
19045
818
14947
6259
2948
16051
19906
6105
12807
15363
10830
13921
4816
14704
17339
2202
18386
10862
17088
2749
5177
403
19188
7531
12144
8622
17721
34
17017
703
16303
1777
19660
12276
9602
3705
17753
1555
12784
17118
219
10243
14789
3851
16850
5398
16409
10371
7556
19440
19074
15493
19686
10492
15312
6391
6848
10242
16793
2607
7672
11505
917
12722
7954
12691
1875
13402
14615
1346
17114
5490
14912
3963
5152
6837
19341
14256
15687
6557
11675
17072
17911
10399
14557
10140
18000
11916
4108
10836
1697
9124
11971
156
2923
11340
18230
1084
4372
5875
3658
13546
1008
19284
14703
13121
2416
12857
19679
5727
14927
17026
19576
15435
9484
14398
1944
7626
6146
6074
11277
14661
11209
970
14335
16263
7853
12806
3856
11790
6258
14461
9069
6590
4143
4377
6476
19630
13637
4701
9316
4575
15446
15859
19157
1519
6242
17234
8066
1540
10205
8648
4766
11284
10669
12340
3249
9746
2805
105
17259
14452
13266
15311
9098
19225
17756
4457
6176
10712
12436
17974
3768
15875
122
4948
17381
17625
17197
11463
13204
787
12196
17235
10053
15586
11979
10244
11258
10836
16438
4035
9933
14031
7686
7386
16056
513
4647
1026
18810
18906
18998
1090
2612
5016
13394
13997
268
1370
7922
12453
11701
4583
5703
7241
1676
7759
13603
14503
14972
10078
18976
3207
12430
10797
8375
12462
16318
9825
19180
13399
18447
2060
66
15277
9488
17699
1268
523
12905
5679
554
18387
11963
2457
15867
11887
3236
13308
568
17753
15062
18328
2202
4045
14369
334
10750
15127
10321
16846
7278
18701
8221
3335
8950
14576
12100
19935
11309
9856
19440
18792
13791
10257
16457
14250
19397
2205
7397
3053
4464
5439
16262
6757
19464
784
4428
13538
6789
2779
12565
1574
6431
11872
325
11206
5520
5840
2212
18052
12645
15139
3083
4263
2894
11869
1716
10116
4561
7041
15884
13122
3441
15822
7368
6847
5672
15472
10348
16617
5037
5631
11611
14319
5688
5663
16018
19460
16209
8734
15652
18687
15967
17324
6107
955
19688
9843
18331
10521
11190
13052
19487
4960
2215
19973
1240
10390
17297
17972
18934
11092
10598
16709
10085
15704
5663
10637
5619
7195
14012
15737
12310
8791
13528
5180
9847
3046
12558
13609
10960
6244
10679
4709
18056
5320
12063
1775
14797
9496
12374
5955
16053
13796
5140
11850
4673
16663
18530
15172
8510
18823
18489
12138
16139
15628
19145
15287
14702
26
6453
15412
18319
18376
5983
4294
505
6272
10823
17927
9026
16582
10501
4908
6634
16877
6892
9703
6124
18444
8027
5457
13136
4068
15758
16042
15153
6772
8197
12036
132
16697
2885
10306
13191
18322
11624
11903
4810
5195
2898
17937
8971
4381
12837
8129
14668
7791
10646
11731
19251
12608
9456
5492
17004
17968
18505
18363
1431
10112
17622
7631
4659
13173
19926
16161
2417
7796
13680
5443
18010
4783
19252
4126
3741
5938
2104
16728
3211
9311
7759
2209
2928
1026
9677
17092
6685
870
5973
2830
11112
13849
5927
2091
5870
4882
12215
13659
6904
18829
9798
635
16205
13040
17411
11630
6509
14609
2586
19630
14377
19520
6148
8224
10093
15884
7117
19883
17811
18437
3971
5983
4400
6496
13175
3245
412
2564
10948
6292
1621
13762
9183
11011
4560
3286
1466
8395
14508
4063
132
13571
9347
11813
10291
19676
7744
19680
11764
11305
15076
1643
4870
17175
5559
16879
996
6734
3996
12271
3888
367
15597
5248
12604
7916
17300
14149
2068
15181
9034
8283
2151
3097
8363
14899
1233
9278
16944
5223
5168
6608
12238
6774
7603
18572
2917
14135
12581
16013
11395
15367
15357
5002
11927
16254
12393
508
17714
9573
16431
5558
15446
1564
17615
571
10728
12800
16577
12555
12817
15636
441
18857
12116
15430
17666
5151
8864
7716
12682
2349
16443
8530
6243
12129
7765
58
12444
15758
18152
18813
8333
5912
3166
18511
17058
6165
14810
4848
10492
7843
4550
4354
2259
18928
6594
14521
7116
4704
19853
7385
7616
4823
12040
3750
13994
16491
14330
252
8214
18448
30
16437
8112
15439
5678
14044
12578
7866
18036
5689
13707
16293
15393
15125
6860
15510
16615
16273
14575
17832
16398
3217
5262
10326
10145
8328
12622
15645
16904
10740
6721
11172
13822
2326
12670
6148
527
3397
17835
1472
16900
5283
13515
1867
2658
2008
2043
15105
12187
18222
5224
17953
3079
5600
15060
13562
1781
4880
12699
9958
14829
15737
6547
14340
19067
1672
5473
2862
9323
2112
8050
10593
6956
8900
13771
11341
17719
9377
7173
2026
12381
3217
10811
11293
8533
5236
8013
17049
17035
11333
1362
2613
1510
9773
17836
6172
4366
4981
16546
3214
17737
6046
8
6653
2819
17124
14891
14301
6013
11916
13174
18400
5327
19419
9643
16894
5466
13137
16688
11116
5053
927
2311
19603
4417
17690
2295
2699
7383
8070
2479
17652
15504
11370
12057
8888
18170
5851
13858
3147
7040
14623
2533
4166
8221
304
6590
6608
10640
629
15213
13906
14046
2213
15805
9734
5080
14640
13193
17767
14844
12071
6424
9433
16418
14565
4105
4346
5749
6288
4212
13092
14362
12808
9302
17076
7321
4656
13086
5100
4885
19350
19279
11373
11288
19057
18670
4625
19092
6090
15360
3034
2538
3425
18095
14632
18340
12425
17626
7888
17362
4958
16058
2161
15604
12093
19092
12693
17946
16576
7127
9850
13090
1251
6139
17283
3113
10636
4290
18706
16109
7819
5193
7970
15315
13889
13769
2130
3191
2058
15654
2188
3875
3693
16065
11191
12451
8414
9080
4394
4479
5475
13269
11147
4208
18596
14609
13218
14921
11439
2616
9222
19850
5918
10645
19858
7090
529
16286
13626
16955
883
2786
17730
15216
19640
7462
3832
655
8018
8003
3368
364
6077
2635
12095
11253
3959
5068
8568
11170
11269
158
16229
8094
16792
11238
3793
837
5727
15047
3629
9677
6632
5182
12814
379
5257
10042
6546
10026
7465
16161
18616
8109
18419
12907
8608
11305
10230
19456
539
15384
15241
19989
2595
12686
7156
18052
2682
8596
17176
6016
19460
15467
17349
10564
13550
7416
8315
159
8609
4439
13628
5417
16952
19283
7850
8331
9416
5502
10607
1278
14147
10148
3781
1746
14001
19531
14039
13732
17247
11468
7880
11721
1254
12497
11391
8217
13862
3445
11898
10731
2107
1832
3691
19197
3003
14519
5032
19715
16058
19047
18606
15598
2222
17112
12630
1629
18941
8597
4782
12484
6019
19617
16157
1251
1958
3000
7428
8987
15486
14645
14401
11239
1941
14204
5153
12488
19207
3512
5938
4429
2887
1206
8052
9045
5406
16984
12840
12397
8722
13915
17040
76
5344
12268
5639
10258
7330
13272
4442
5284
7969
6257
9534
7724
5823
7617
15823
11840
5817
5018
11856
6407
17070
5306
13082
9811
12154
9537
10776
3375
17462
3578
18778
13842
9379
17710
5267
956
15942
13673
1726
11082
8673
2586
6316
2792
14278
2195
3825
15367
896
6859
9384
16144
18583
8738
8147
7649
18732
13608
8114
449
2091
19743
8276
2674
10095
13295
9298
2121
19180
18623
18889
1913
2772
6999
9083
15609
10644
12126
7592
12743
320
5915
10434
10698
219
12953
8012
13873
9221
7095
1844
6068
2355
18627
14125
7029
17275
5435
17298
9094
1239
6607
15848
14876
3250
1924
17478
1907
1069
5658
15873
5207
17779
8133
12230
13690
7579
3468
7750
1364
15513
6957
4270
19243
808
10511
15228
18926
18514
9607
14149
3777
19129
171
12837
8630
10906
8854
6462
13977
14517
5105
7727
5558
4774
8519
17309
15304
19079
9859
2751
4562
17311
9217
3005
15547
2820
19739
802
1947
19218
10349
10043
14632
2671
5925
10400
3397
14351
8342
6305
675
2763
6840
12528
18160
10619
11143
13520
12283
5947
5767
8715
19470
2134
8962
977
7117
16571
4715
10376
11236
2610
1263
486
16688
14501
14538
9394
963
10009
5
2591
7417
394
1300
9960
18937
2440
9137
14024
7938
12225
8894
1655
3654
5311
339
16425
2652
13056
17909
13790
13499
9721
5011
6296
11534
10064
746
10988
4673
2114
2523
16215
16185
4809
12986
10021
15378
5177
4697
17296
12138
14763
1007
17898
16243
9983
16558
2902
7413
6080
5852
11200
7005
19396
13321
13602
7321
17620
3344
16663
19438
2717
13636
3386
5520
16222
458
13020
6533
1580
9079
7123
1316
3230
7931
14080
17928
7106
9892
9273
3223
12263
9135
13070
1587
8294
6981
13849
18764
18241
5192
8215
11730
11677
10151
15625
10527
17657
16342
9581
3015
12215
2603
12603
18468
101
19558
7154
10961
15446
11678
19714
8469
11034
2416
180
18637
10884
15841
3790
7140
5811
13211
7751
9584
16667
7932
19766
2874
14951
7324
639
6998
15456
14653
8147
13153
669
9840
14382
19160
1583
12312
13716
18100
4639
14412
3622
11113
19450
18815
5494
288
7026
18385
17690
2597
13175
1909
17955
10791
16755
14155
17440
12221
7494
3672
13481
1490
13035
16792
13339
7901
19910
1256
6081
3627
18133
7905
4798
3534
4085
3880
6342
12610
1397
15760
763
1928
4497
6075
7649
19071
14531
11645
1546
3984
2330
17167
13641
6163
18116
2492
1914
4127
12630
7031
6923
13123
19384
19737
15426
11980
12699
8074
19026
5071
1245
4445
15
299
1745
13482
1621
9067
2553
8670
4828
19150
11777
11710
18976
16417
9639
13079
18308
16341
9762
17225
1670
11225
19074
814
17534
4097
11012
17498
1552
5196
11703
7611
18804
11996
3842
16248
7953
18699
17910
8167
9472
6144
5463
12931
5147
8061
14145
18758
1034
14608
9133
18484
11061
19131
10697
16105
3463
19090
2555
7316
17237
7077
10720
12493
798
12865
17524
5553
10041
2445
501
7134
7975
4954
10825
15526
13129
3466
10987
13792
8917
10557
16388
16519
11149
14603
10559
4640
15868
7729
8675
1753
14712
11363
9054
10386
9980
317
17339
11637
6595
11349
13038
16635
3148
7131
13117
3253
9208
11563
12330
16509
1096
17379
4979
16103
13299
11964
17778
19513
7714
12346
8528
14099
7920
5270
10277
16650
10644
13323
5648
3805
11635
13015
1046
1793
8112
15786
15400
8930
4983
7850
3153
9300
17021
9827
16175
1072
4187
2101
14285
7878
2281
6834
19086
6704
16115
2575
10773
10706
7396
12417
12625
10423
14494
11610
12863
1796
6304
5595
18553
14441
17366
14383
1247
18617
16456
4217
19054
14323
5804
12463
4825
10956
13159
16649
15131
10982
3867
3617
19739
16038
5157
19698
16255
18922
19819
7865
19639
9893
11469
2797
1264
10730
8582
19784
17213
14975
19476
18429
10509
17816
15451
7060
16953
4025
4253
18812
9258
7408
1056
15298
19184
192
9158
18825
2337
15792
7568
19073
15336
13397
7670
5190
34
17804
6166
19235
14468
12953
6469
11901
15245
12576
5744
6466
1038
16431
9778
1902
11875
5523
2873
11082
3930
14777
4944
15020
4481
6588
13012
19087
16729
13680
9278
2139
9177
4734
2968
14483
9239
11189
18137
5639
5779
18687
4610
7818
10261
11577
14264
6066
11202
3926
9825
10996
1612
15465
18371
15067
4111
15926
6734
18327
3406
6182
977
14569
821
9651
17150
13836
10568
12387
15492
2208
2440
15297
15288
4815
615
6934
12552
3008
13271
10281
7730
1629
12676
1989
15610
7314
10463
7486
14631
3771
17765
401
17767
14966
4903
19751
12185
12163
307
3312
19859
5736
13370
617
16331
7717
10908
14030
9796
15999
1929
1314
7717
16134
10382
18146
3141
1670
585
4009
17911
18962
5021
19898
4956
7383
9176
11290
16860
10898
13122
14791
12878
1914
14523
11919
1603
3348
2757
18460
1461
19869
18832
2815
6230
14224
800
11795
7760
9609
19337
7299
13095
4005
13197
2300
18168
7430
19202
9590
5275
18038
16490
1714
16499
17996
9668
5540
282
15095
594
19880
13328
1013
3452
9633
5024
2177
2816
14857
16574
4163
19394
18224
12016
15567
13130
19292
3337
2284
18360
9031
16840
8139
10703
3035
12985
2797
10383
16876
16857
2906
11662
12007
1486
17386
13070
5683
11167
12831
8126
3316
17001
19931
1241
16712
1821
6879
18472
16625
16711
10683
7837
13058
16281
2322
8863
1769
4911
6696
16061
389
11131
3292
6018
2623
12341
18510
2781
3940
17040
5589
1240
17218
16773
13072
13176
1756
4968
7734
5684
14109
4850
2926
6635
14180
13634
8271
16886
4992
15166
1635
13907
9602
18219
9328
16530
13570
2608
5464
5495
6444
334
6415
19479
673
3936
1309
11311
11408
19228
4485
14042
5621
4627
877
11569
13966
4247
231
13499
3846
6951
1115
18936
17099
8547
10649
18880
755
19315
10892
11930
4295
4057
7836
12978
1851
6846
3925
19568
2787
17685
50
5631
19096
3226
17960
17264
3047
8782
19010
10245
13532
3779
204
13979
14529
7856
13454
11560
14145
19806
19003
10620
17656
16524
8942
4682
12986
14173
1769
9683
12071
8733
13911
5354
16534
18146
19164
16160
1120
13215
11980
11474
13316
9475
15530
9679
12602
17197
505
15877
17772
11732
5563
7909
15755
11368
15383
10353
10376
14898
17249
1205
14502
16083
2108
921
13998
17196
1039
18507
16942
8830
13072
14354
6526
8177
5283
4489
1091
12936
11125
15951
9729
13061
17906
7956
16879
7530
19375
18561
14378
18316
14338
1495
4384
18755
17247
2858
1611
18498
11698
12371
8331
12228
2783
8861
551
4337
9217
4677
8833
6749
1200
18711
2171
12071
14924
12730
8379
9266
19694
10691
9415
14034
18571
5725
15083
11083
8495
4502
3562
10489
10815
3627
2171
5320
8170
17787
6845
2718
8648
4321
3723
5627
3179
13901
1317
7354
7075
2015
6670
6144
1680
939
3969
11971
17045
16883
19030
2711
1583
2004
18098
11915
9630
15964
14406
15329
2855
16735
922
8394
6455
5316
12724
11872
6074
14079
7447
7813
16378
13406
17227
13045
17234
16315
10588
2359
18419
5765
7716
18600
18803
14324
17533
11836
10941
10885
10044
14794
7020
14119
2360
6755
7077
17364
1858
3097
15457
14612
14905
12665
16414
2309
14588
10160
4822
16640
5881
15743
12916
10983
11694
19020
19009
3240
8241
9626
9112
7702
3154
1562
7411
11169
14799
3501
16520
17983
16210
12232
13466
13681
12097
11439
12327
1947
2355
2997
9468
14549
10518
2979
12320
18961
582
19554
17620
13337
10658
14968
10069
3542
16870
18795
17336
1924
5943
4645
2348
12503
19929
7515
18799
12281
1490
3975
823
3350
13192
2371
2764
15489
9234
15237
9979
3934
3059
11099
6615
12015
19285
7862
11298
13345
3384
14969
16666
13238
7555
16513
13690
14066
16224
12498
6717
14217
19616
428
10173
15365
8824
4415
2861
17718
10824
4000
802
7950
6866
19862
14537
9488
2684
18616
1850
9862
3956
3868
11833
4776
15464
5743
1237
3626
7369
6047
9044
6108
17068
1264
206
4649
41
10570
14474
12310
8149
1060
1261
870
18808
7366
6491
18780
3478
7853
2339
3656
8905
4592
15834
9017
9559
19286
17242
9950
14700
2339
14166
17385
18501
17261
2319
15673
6692
7592
8878
3147
18129
18526
9392
368
4752
10443
4144
15729
18355
6509
4939
3104
17612
1554
8227
11250
13795
4405
15521
9618
18613
10863
7033
292
2634
9512
19465
10718
17692
7548
3914
6926
1748
8817
4790
11930
9626
1240
5726
18983
18064
15831
13388
14396
18524
4476
15132
9578
16184
8675
11454
7022
18571
16421
9154
9885
2248
9420
6166
9881
11017
7821
3983
13158
4053
4664
8616
8853
17422
7214
6030
10007
7418
7378
2986
1532
9147
8396
9232
14918
8806
19986
1979
14367
13095
19129
18604
4033
4186
18700
8503
11069
13705
11101
50
4164
14152
19112
3592
12249
11195
11137
16411
13074
5291
3024
596
6326
16051
13663
9772
10998
7800
6536
5602
11670
19771
14414
10020
3416
9353
9383
4119
10002
1858
5395
9642
15077
5217
5519
14003
11041
13061
11093
4786
15272
4620
14954
4644
8406
14868
5939
2562
14357
13369
16841
2388
6760
15247
13015
14599
11529
12718
3809
2220
213
638
4020
16847
13845
14481
17553
5696
1965
4199
477
15635
6501
12404
5665
5117
5209
10293
16196
19971
14349
9778
19725
13965
15280
15233
984
103
14677
3312
14632
3577
13047
4273
5607
12318
1227
3242
9196
6080
9569
4852
7998
10000
19473
9705
7967
3566
11989
16084
723
933
13140
5355
4326
3524
683
14503
19687
10856
1980
4227
4819
521
17662
16050
14099
13270
10796
16857
14743
4128
6214
14323
17677
5487
9714
11649
4983
13103
1807
15061
1118
10943
5706
12490
96
15820
14238
6891
5801
7745
5368
12621
7648
16945
1028
8321
18750
3478
8934
4750
8801
10374
12073
10979
8848
16264
15560
7422
10148
18404
5541
19105
4293
2060
19840
7635
16797
17166
15023
5297
11315
8216
19585
19710
6710
8307
7928
2500
14129
13283
14839
402
6289
16916
15132
12249
16156
13059
18162
273
7209
15706
11881
9161
2472
12903
16144
11306
4505
15443
9931
1679
3531
6283
2187
10776
15910
1625
957
9061
117
19586
520
1361
2439
17413
11190
14625
9559
3166
1481
7514
10226
12810
7326
15238
13192
8657
8033
8081
13608
91
13667
7062
5065
12519
13543
5162
19463
15481
522
7545
1906
5851
10800
9235
12796
7087
3858
13661
14330
10440
12294
521
3573
9078
16192
16404
19301
1066
1736
6598
14807
2113
8747
11531
13843
14060
16834
16273
11899
18
4845
6552
10001
2106
3311
9697
13216
2724
4558
3974
11051
15297
187
4730
1933
15437
605
792
8962
8439
16293
19562
19116
14075
5501
4233
3106
14604
18053
11579
18059
16944
9957
3745
221
4940
8502
12479
19869
2669
12526
19243
15618
14719
17559
19640
10305
14373
503
5597
15648
15646
3557
3737
17859
10106
2071
13379
1405
14413
6008
12609
13096
19527
9704
5851
13695
17504
9630
11378
9237
6833
14812
12209
19241
2247
19625
18813
3999
19936
13638
17076
18146
14121
8194
19950
2676
5896
4412
6242
12606
10311
12315
14958
2477
12600
15744
8658
16867
9513
2769
4254
18115
16689
6275
14678
8439
7986
4408
9875
8637
17741
15575
10549
556
1859
7681
13093
5516
18700
6291
9158
15885
15684
11408
8280
1981
12555
17547
17017
1492
17244
16802
13027
3608
15270
9589
17515
5047
18605
12746
14512
155
4961
19689
10398
12288
3418
12309
12117
18643
7333
9287
7523
5733
481
528
16294
17699
7350
2395
4843
4638
3537
13427
3681
3138
7173
15241
10650
6210
17332
8288
8474
4799
10335
17170
10069
8067
9919
5182
10038
14632
12173
2793
5800
11951
11212
19734
16781
6034
16504
15384
15110
8684
17792
7151
6263
14434
18560
1527
3074
4386
3961
17498
1572
19130
14164
17019
12068
7930
19045
2214
3934
6372
15161
4013
7511
19654
10952
11892
1583
13704
11097
19421
19858
1325
15975
5298
14882
15543
17151
14559
2842
7348
14846
9650
17681
10020
8309
6049
7965
17225
15041
12134
14943
7064
19801
17964
15240
9270
19337
2684
16608
17737
13775
15227
187
15566
612
8002
7708
4821
12231
8261
17070
18178
2905
16831
14738
14656
16196
8889
18392
6615
8716
16482
8270
10220
11158
17476
10637
16538
12565
604
1823
5474
18744
1334
6262
9724
792
8208
6977
937
14648
4369
11938
15273
17617
13942
4743
533
12814
7975
13045
12073
17440
9612
13180
9667
15862
3190
14412
12511
3398
16958
11259
14569
11773
14088
17308
7429
12169
11677
18984
2874
16811
12429
12688
12340
5027
18694
13758
5462
4711
3561
10681
14887
5147
18688
2999
19542
2103
3562
6337
3553
1159
5865
13008
12988
10192
7646
1614
17625
16954
16980
14088
9925
12693
9805
3622
18401
7737
11613
1906
17566
10002
13709
19120
1654
2331
3690
15118
14296
19634
14859
5248
11342
11736
4256
9228
19011
2897
13979
16530
14567
3927
15502
6710
1698
17827
1668
8109
17790
4916
16036
3376
15280
18361
14297
15243
4288
6052
17406
10990
8693
19771
1160
9043
12867
17575
11874
16135
1228
10345
2869
8471
17823
8426
11440
15335
18112
9312
1004
8578
10152
12294
18114
6417
7351
11026
19013
4996
11
19929
5441
16130
17808
15393
14357
14683
430
17690
11276
4012
18543
4553
1911
12913
12273
12352
1801
2509
19400
5806
8613
6519
10445
2163
6807
13340
12840
797
19359
3386
11361
14146
6210
115
17029
941
14155
18190
1647
7652
7830
17201
173
9103
16514
14394
8109
4171
16410
14841
6104
7533
13104
2488
8942
3379
13892
521
1118
12038
4648
14483
6186
5448
10941
16586
2056
12417
8070
14649
19444
19600
9717
14107
5646
19140
9897
6515
839
18909
17898
3001
19083
16276
10902
16101
11225
1358
13955
18395
11871
673
2008
11419
17649
17144
3675
3245
8904
7389
11434
18210
12062
2231
7932
7200
4804
1370
3093
11939
11278
18155
1715
1725
19507
15383
6241
6037
18190
18081
4397
11464
15097
14190
16377
16389
4223
19104
1264
1857
13898
4984
7387
2082
13052
806
16279
3010
17800
14063
14947
2394
5559
10062
16118
9808
8855
9764
11171
10037
6046
12090
5431
18288
11106
11640
10506
650
9695
7761
13374
18250
13675
5893
6884
18538
11279
17150
11379
2129
15102
7049
2118
18667
15122
9343
2179
10110
8924
5890
5552
4907
6314
18490
80
11493
10520
3636
4960
4522
3164
6111
2483
2315
5188
12370
8692
18913
10921
9648
12662
19215
17487
1722
19074
10610
16725
17276
13783
9550
1821
11797
17057
6513
5827
8949
14182
17764
14274
12352
18115
17388
19042
3711
3881
8003
5698
8231
19391
13606
11467
13250
2371
2985
16047
11040
18100
17135
12435
1700
17627
19115
9963
17081
1173
9784
6731
11696
16387
17853
13616
11527
6160
17693
17053
16684
5673
13331
12781
18854
13373
12077
7719
19466
5563
16220
12185
19522
9290
6220
9631
17016
13220
13849
16085
12903
1198
8711
6486
11525
18158
6570
10105
6460
3096
12943
2234
7710
8772
374
4327
11179
12843
2849
9793
16371
10107
15763
17619
3248
551
14902
1008
4190
12883
12863
3229
11983
8242
16349
17861
9789
13770
12791
15615
14015
738
19708
4933
6037
6908
15275
18534
13711
7817
13508
3115
8600
6683
12521
14377
9863
17605
9284
4570
10747
1751
19326
14753
8608
1229
4815
8940
4407
309
19451
12331
2617
8712
3621
812
7473
6620
8235
13917
16516
16126
10701
8426
17352
8786
11460
14799
18573
3984
4527
3635
10778
17771
474
14327
18624
6894
5288
3120
9859
17677
3552
12749
12253
14457
19377
10846
14387
7262
13519
9302
11221
3410
139
1777
389
12721
11612
1541
148
1032
4859
6834
4934
11702
7602
5932
19441
19787
8009
19108
17187
8584
16155
19681
14474
3224
10732
1321
15713
1000
9456
3826
11018
3126
6594
14533
12034
17607
6071
7568
16919
7909
3568
8109
429
7115
16069
13862
10031
2267
2282
10927
13995
18557
2384
6248
12393
18077
10508
3836
6947
12810
18434
16940
10660
16540
13903
13372
3173
5376
1992
16159
2780
1583
3006
6717
11041
396
5297
2725
10929
4509
16475
7908
4452
15932
1426
15886
685
19893
585
15302
10146
485
6908
8407
6463
12731
4963
283
1255
770
593
906
3188
16838
14584
7224
17109
740
18770
17441
4232
4498
18017
14699
9288
11859
6531
2342
5588
7361
11909
17945
13932
14626
5391
18303
16305
8592
1734
12568
10292
11346
17155
5712
15161
6269
18781
19511
5534
10157
4034
3240
13599
8032
13399
11258
5794
302
5011
9677
4902
16982
4488
19300
13488
18650
8462
7016
19627
8827
5240
2843
10857
7473
1022
4793
7281
283
5134
18771
9781
3470
12697
5668
4253
8723
8176
12855
7827
18034
18240
12262
7990
3070
7390
12216
10558
8784
14761
15248
17434
5953
15566
19034
86
2332
15598
2679
19693
7102
12244
5509
9877
8311
432
10581
2978
7993
6963
10075
5803
4643
1656
14783
15777
17752
18749
14856
13452
14069
6991
4010
12290
301
11860
4381
11679
11917
18353
14210
4103
12757
7775
5544
12411
5128
6972
4148
18122
15078
13441
8813
6702
2529
4758
12238
751
10966
5759
10693
17039
16358
11916
14629
8324
11
12332
17437
15895
15033
817
4541
3779
1093
8454
10005
10534
7180
16114
12853
19594
7027
10351
10278
14067
16905
11107
9937
6963
10464
4678
8514
2753
10316
364
8743
11227
1040
14256
12066
19560
13299
8584
9138
13553
13769
68
15336
3963
539
15716
3489
18866
8701
19497
10990
8003
15795
18330
3501
10024
1811
825
2418
18590
3422
7225
8302
8252
7152
13967
17445
6059
11147
1308
13779
19820
10255
17468
3292
18972
4090
17700
3163
8974
12773
1747
2784
5177
10037
18111
18867
17111
8382
8583
11817
19107
15966
11453
15570
8216
9929
6862
18065
15341
15820
12709
14556
536
7833
4569
940
8402
9528
18050
19294
4513
19728
17028
12805
18819
13280
16202
12281
6961
11366
11396
1435
5426
1051
16062
13123
1497
8763
7402
13727
3917
17375
10567
17872
5220
1599
14346
661
11655
1364
16812
19615
1645
17866
4333
3512
18723
1988
12413
10304
9874
9765
1772
1308
5228
4593
8129
3848
35
10857
9111
19546
4861
8679
16726
445
14954
4460
8838
148
14694
16918
18095
12170
18090
3296
1717
12675
11242
15434
620
9809
7714
393
1280
6786
12761
5319
18795
10947
17334
11230
4573
5950
7809
5414
7090
9303
2381
7137
19146
2407
10047
6326
10070
5315
13135
19943
6295
13379
19294
15707
8759
17980
13905
17877
554
18530
8832
14771
3263
17932
8460
12710
5437
18678
18961
6074
11629
1786
11708
18162
5434
15755
16803
12535
4971
7721
7625
19542
14247
14019
2359
7706
18831
12314
13435
14654
19287
2514
811
17300
797
8629
10042
5940
2413
18782
1076
11965
14374
5550
18705
3880
16927
13822
614
11302
19096
8369
3971
1642
815
18304
16481
19143
6896
623
2856
978
6237
10025
2632
10074
14726
7177
270
9374
5274
2627
13479
7206
13416
18560
10702
8449
11915
15552
13694
11201
12801
16554
6144
13602
303
5254
14262
544
3080
1029
10278
4911
19225
17663
14790
3069
12439
18025
18898
9280
2855
1891
12056
18727
913
9094
6593
13840
17748
5200
14820
13615
10510
1882
19680
10598
6077
9204
4872
5246
11570
1966
15378
12330
5131
7338
4344
19076
5389
5938
7241
19737
3055
3563
9257
16272
3083
15746
16837
19835
10839
12333
9331
12741
705
14274
11676
15614
10567
19799
14041
9399
10615
2182
9394
6925
19902
6274
4913
13699
9091
15991
8179
2636
12833
9946
14091
12398
206
7417
3450
4030
16666
11832
9130
15589
15934
3960
10791
19449
5264
1997
4059
11966
12526
10738
15126
10196
8544
7009
16682
15352
3124
13572
6151
7684
18213
18653
12133
2473
6625
3325
15
1831
9766
3890
12681
1980
12805
1486
7247
713
723
16071
13784
14720
3680
7005
6936
1458
5127
7392
6396
5264
11126
4381
7162
12396
4280
2613
5519
4679
10747
12998
11677
6460
13740
14013
5009
4548
11989
17708
12829
5831
6561
17602
18631
2250
4511
669
10750
17837
12784
10584
7362
17476
801
14433
18778
2103
15183
10065
12948
8
15039
16278
15140
8949
1253
13018
17706
8741
18221
3795
885
9037
11456
17488
10582
1955
9521
11728
4055
14271
3709
5059
19452
18840
3913
10052
10126
9946
14131
4562
9681
12268
16032
3318
18675
18143
14030
17035
8922
12818
296
11231
6323
12380
3150
1936
18178
4049
7271
10491
15903
3514
19160
4604
9098
9022
16291
17877
11897
16880
3397
4967
7541
8076
4320
14584
2114
699
2860
7508
3373
7850
11074
11808
5616
5722
8448
12468
6524
1555
386
17581
6905
16127
9457
8318
9297
500
17824
4859
16346
11672
4318
5459
14916
16864
4558
857
16849
1089
7594
11191
12334
17721
7476
17635
16800
6735
13216
5918
17289
10311
5553
3933
9238
489
13981
613
19606
18564
12466
18260
17288
10902
17291
15528
16753
10876
15465
3226
5838
1595
17145
153
13645
19129
10486
1130
19470
905
2383
14430
8701
8967
13520
10795
6638
2788
1178
11212
6146
1318
8231
5657
10101
18962
1775
19974
14564
5167
9821
13096
3600
2312
9489
11774
11709
1583
5150
15025
14787
1531
19941
5464
15554
18986
9101
9727
14407
7025
8555
15153
1599
19677
17197
14937
11727
8056
16296
18914
6423
17607
14470
12182
16216
1147
11666
8747
17489
7404
578
12365
5472
9723
8945
1791
9203
4642
11169
2601
19406
15014
2681
12785
5212
17369
15504
14302
668
18202
18437
7774
6965
8876
10317
12515
1330
13822
19776
19077
8513
11727
9940
6507
15811
14405
11510
1494
17564
13023
12662
1602
62
6382
19190
9768
2793
10934
3354
12263
16991
17229
4847
17294
7390
2469
12331
16434
8149
13868
18983
16082
8869
2498
10470
11121
11650
12312
8817
17970
5119
14028
579
9228
6361
18567
2776
17078
6713
9726
5014
17649
2325
779
11236
13526
15459
4691
9542
16595
17442
12631
3512
18393
9209
477
3465
187
400
7993
1107
19926
12908
371
15983
18289
19855
6822
7196
11000
15903
15911
8810
19595
19859
12307
12377
17836
15496
4661
5044
15962
1540
19269
16653
9953
6749
19236
14284
8001
11032
13810
7683
11383
18538
7576
13997
11908
13656
4210
15271
13135
15861
4465
7132
7553
14348
3080
2105
6900
8386
14309
15992
7816
4337
751
10756
15
5264
5159
12349
9169
14081
9934
6914
11676
16176
13980
3809
3519
12440
1608
18881
10393
18644
3180
16434
11287
12107
12177
13320
12708
11579
8381
13605
15746
1291
1861
7236
3150
15094
17442
11142
18612
1645
4352
16227
15450
16552
733
8668
16870
12443
7704
18973
14999
2872
12659
17230
871
1014
6490
17980
2562
19086
4432
3163
13658
19420
5194
16567
19237
13142
8095
8210
11560
7382
12862
12115
12663
6958
11798
5886
6022
1467
9001
5554
4490
13729
6317
14098
6694
10512
725
7109
19078
1480
2830
4011
5768
17305
11158
18289
13468
2870
1940
5163
3559
6516
19076
10132
8588
11249
13950
6839
15346
18875
9811
17693
1713
2961
10382
15679
19457
11603
17398
10793
182
5898
6757
9552
6603
5091
17972
1003
16350
14307
16611
7672
10464
15830
14416
4894
3806
9843
16776
16962
19528
15590
12262
3523
14832
8875
3896
14674
10173
16852
6839
18178
19114
16038
2206
7256
1006
4484
1669
2372
3699
4041
2555
5470
8447
13672
18118
10081
14214
19720
12675
15755
3566
14103
16292
238
17320
16343
18710
7849
10168
389
7190
17477
4426
12162
17984
18654
4131
8753
16095
9123
16648
15225
3031
12354
13988
19952
17231
18434
11022
14422
16861
16780
2769
8462
19654
14096
7964
16796
19490
16032
11079
17905
4405
15962
19983
11094
5709
19339
1443
2730
12908
17044
1637
17573
14110
6183
3882
16141
6615
1759
748
4055
7358
7663
2759
4280
17910
417
10863
8232
3715
4112
4858
6652
12252
19967
4963
6219
19813
18966
8721
2808
1577
10985
10423
7360
4678
8878
15236
5275
8944
10920
5228
15285
5004
10089
19473
18733
4437
3583
15429
15207
1674
1043
3767
5447
12310
14892
13854
7486
17538
1253
12057
16945
9385
4862
74
7428
16430
6423
5470
11951
14704
15848
1607
11342
13448
19808
19158
559
10425
17039
16385
8843
16472
19839
383
14668
13971
5196
16460
1407
18941
3983
7855
4660
1428
1649
12970
7178
3877
8865
12315
2328
2193
5535
2344
12020
19153
6633
18373
10057
4875
3292
13769
6822
4023
17578
7593
16256
14440
14403
17896
11055
6892
18997
2831
17033
613
13385
16803
2574
14339
10312
13816
4128
17522
8033
15209
13673
11394
14438
3991
19091
14600
13912
12929
13391
13056
15401
18599
13715
18734
5098
18587
16067
7070
12201
14013
16709
7660
1172
4580
16143
7952
8935
8329
6636
14613
10461
3287
9218
2258
1160
13198
11086
4228
9531
4527
19358
5110
18509
6913
12110
19683
18929
14274
12642
7970
3565
8743
17895
1102
15173
14618
16974
17662
6970
14525
700
15204
18997
4972
8137
6645
18798
13491
1030
16196
19845
4537
2092
14540
16169
6360
18069
17928
16606
16010
13539
898
7118
4676
6359
17285
14613
10547
720
9228
10711
11384
18728
8842
18884
13974
16470
2268
13414
2679
15473
10758
3610
14246
5527
8510
1707
11080
19785
1924
17902
10159
8084
19972
10954
9776
19434
10366
7782
1311
9594
1222
10519
18203
14694
12889
14424
19314
16823
9651
5133
8886
12527
5976
8646
253
159
6999
12514
15523
7009
7939
1653
18398
2163
2124
17228
2323
6012
12315
12031
1164
12373
5028
813
14586
4132
12517
8986
5325
8364
12132
8142
10546
1869
17727
11836
14470
3046
2797
10042
14453
11059
52
5757
17717
18223
7096
2159
10908
6551
12916
13773
9675
4397
4843
79
455
4138
712
4997
11653
6822
15861
10691
16407
4735
19700
19124
14120
17808
1507
19807
2943
4812
10154
7175
418
15277
17447
16028
14436
13070
19762
8485
11724
7568
17677
10863
16040
13373
18273
3951
13256
4490
9800
15091
5530
13927
3397
5518
1740
14629
1545
11386
16384
2710
17951
1928
14117
8899
18543
3178
2122
9150
18262
704
17503
10350
13351
19773
1886
12059
13810
6400
406
10224
5724
17717
7286
13806
18131
15088
5180
10254
14138
18420
10476
755
10960
5103
1739
11223
18566
2015
13494
9936
11637
4032
2519
7770
14499
17480
18851
1980
3748
11962
18687
9439
18220
9006
1361
299
11029
966
17601
7991
3328
18610
1231
16514
4510
10847
1526
10950
8511
5006
18396
2133
918
1133
7589
1417
16569
18720
8104
6484
12321
19316
8993
4118
4689
13458
17752
893
7029
5346
17477
17710
5967
13723
4976
9115
1743
12371
7029
13340
2182
18683
16980
4011
4951
3733
18843
19443
7819
2288
11126
10480
11578
6204
7534
12801
5342
9634
16770
14638
8885
19487
8595
15846
11721
9585
18349
19249
13615
1949
7113
217
16199
3639
19712
5401
394
12619
7725
16562
9321
11042
9711
441
1380
9430
5830
10594
3205
10159
9037
12148
17158
3707
54
5394
3067
16088
18300
9170
18891
10914
5955
9968
9992
14530
7371
7698
1717
17644
10989
14052
14960
11905
5968
4400
9401
4860
10716
9164
4115
1720
15487
15597
10227
7390
6265
15911
15297
7183
2092
2693
4152
9666
3046
17541
5806
74
11050
3858
1203
17721
10703
19751
11432
15861
2315
11956
11125
7424
4336
16742
16723
5066
7369
18723
4279
8979
6953
3518
16514
885
7302
5197
3789
7665
13186
14447
8697
3051
12151
18400
8947
825
14249
8062
18246
17955
1485
14268
9852
11113
4150
18119
12489
15010
6243
6826
13316
15983
7155
10898
7632
19273
11817
3622
8
13433
6492
8760
6533
306
2390
7406
12856
3996
14318
19949
7725
17296
6521
4058
16692
8982
2929
14652
5690
427
3981
16770
9152
4972
17218
7298
2380
8486
13838
6473
2826
14557
8389
5116
9995
2743
3797
18519
18652
13335
8916
2938
5003
17057
781
15611
10569
13147
8756
4256
13412
4252
2768
16979
1415
1576
12806
8524
7299
18728
11879
3815
10071
17684
19619
4714
12578
15331
8714
10947
9865
4004
1362
11120
8026
4470
7934
4774
18218
14788
5027
1413
15556
3485
15102
7442
17541
492
14892
16949
1741
4262
4765
7276
7386
8524
16233
5315
10586
17101
19793
15458
7843
231
285
5145
7553
10833
11962
8956
14188
4146
10450
17165
14834
9190
3792
19709
2784
5477
9762
1504
17872
3418
11634
10048
8226
11851
9596
1244
3140
1146
10001
14383
11742
15304
19628
12229
7158
11504
17159
7131
840
10525
19047
19117
16771
6489
1962
16892
207
9350
9016
17685
670
18584
11936
6883
13858
11499
6385
3385
12169
14621
2616
1617
18533
11573
18646
6147
3222
5904
8133
19831
8347
2293
151
11435
9704
14571
13047
13666
10686
13994
9566
7551
7926
16214
5436
14098
13361
10368
8590
19188
2418
18746
11231
2617
2998
453
1908
7240
4945
17518
9802
9156
14694
6878
18408
14851
4783
6684
10793
16271
12911
10354
13636
19722
10242
6823
12208
9572
3627
10417
13514
12665
1443
8801
19749
14401
17733
2419
19294
2410
14334
13891
7400
18763
5681
10772
13776
6657
15970
10141
19262
2505
3383
18437
8762
9381
11035
4988
12642
12744
9362
12669
13770
4388
19612
14128
2387
5551
13145
7011
5997
5120
6212
6633
6469
13876
14917
19529
1527
707
42
6316
12825
1732
16416
7312
7793
18274
6532
9350
7437
4619
3081
17211
17286
11495
10107
18135
3672
16211
17455
12828
2522
15398
8212
11415
12868
1280
3827
17766
12244
7419
16584
10646
16168
14876
4136
15113
8891
14709
5773
2611
17606
7762
5115
3188
7303
7683
8921
18288
18447
18087
16695
7536
14687
19832
783
7971
12765
9320
1646
9162
11823
13774
7997
12631
4288
14427
16482
9033
15530
13556
10612
11536
4477
6303
3606
8813
2372
3214
14861
6120
11865
14450
14711
7859
13622
11576
17182
97
12643
7908
5423
16459
1473
3313
19493
15832
2495
4433
1206
5331
16497
16249
15714
6953
9685
5930
14509
11358
16357
4913
9545
7222
19392
129
13159
19586
15770
10342
3482
15653
19295
8514
18
1461
17714
16142
19097
17875
6412
509
3872
9326
5890
10783
8558
3752
15183
13899
1590
7159
18437
16164
17404
1252
6808
1519
11512
17569
2887
2409
18567
6559
19830
4175
18104
5035
12380
8927
17646
10446
1975
9828
7856
15400
3122
11717
9433
886
3234
19026
16428
11613
13101
16917
5681
1926
10203
16577
7050
5721
2040
615
14133
8800
1666
9486
168
7110
12617
14900
8791
19294
5429
11129
14348
6999
12917
170
11443
1370
16413
11687
18417
19181
151
3682
4434
17027
15982
14822
14870
17018
5611
4361
14691
2421
12535
608
14508
6677
883
3853
8994
4232
3336
14713
2348
16629
5311
3827
504
12281
17608
3825
14761
3386
14702
9535
6531
8397
861
17335
7878
13498
11291
19614
17561
11532
481
15263
17235
1791
14950
2139
17529
19135
12569
2442
8670
5860
15653
16932
15343
4760
10020
8943
477
16814
7181
4110
7652
11941
11868
16760
16796
6264
2086
18899
12878
4305
13862
12735
12272
9569
7901
12678
16485
11939
311
7740
7942
5325
4605
294
7500
14009
17163
2107
18394
11111
3328
13608
6292
17629
6345
17304
10157
15477
6313
1305
3590
12972
1348
13872
11354
6189
8133
14949
10761
4643
4061
15597
12602
14719
18142
1283
1330
19294
2861
19945
19154
16990
4195
788
3756
9491
11946
14737
14304
10365
17605
12485
5454
13831
11919
1084
14031
6894
19352
4994
8069
13310
11629
2563
12901
2799
7549
13833
13997
3942
11254
647
1213
4222
6147
4974
4164
5620
6636
16388
13396
9216
14902
4654
7044
7240
14870
18341
7663
5987
581
15419
18934
8065
1137
16749
16904
7384
9425
18438
15480
15343
6791
3969
10836
1643
861
2054
14446
18172
18696
1153
9404
19382
2461
16586
9742
17621
19809
11180
7424
16836
6153
15390
16694
13094
1021
17832
10487
15357
5684
2158
8568
4949
14237
11225
2105
17152
15328
4475
4346
13365
6716
19488
2109
17274
9850
13624
7746
13457
16655
6698
16298
11869
5714
10639
17498
6647
10027
17049
17338
2663
3547
18613
8866
8277
18666
5293
16910
17708
11848
1249
6421
11480
19599
13413
9107
8370
11948
7667
8066
7295
15639
13553
5085
2578
4222
3457
310
1035
17217
17201
18960
14309
15553
7985
4788
4903
5466
10616
4957
9334
8037
17949
16038
6860
16563
16508
5806
7209
8949
17180
10523
15744
7307
1968
12396
19518
1949
12699
6903
2634
1962
12650
14667
4365
19550
17022
17563
18468
340
13195
3762
17116
16823
16713
11380
7912
7136
13917
5426
17391
6357
7191
7751
19476
2514
3728
4653
12305
14478
13783
1866
11880
13948
9322
1584
15964
18701
19029
1231
16674
9299
598
18656
5203
6444
16237
13439
17103
11159
2348
19000
11580
14992
9288
5197
3223
12431
12181
16093
9618
12705
18689
12598
3273
13172
4704
14651
1300
1478
13879
2645
11287
18669
1952
2779
16803
453
11785
6022
10964
18786
10069
15373
11501
10983
1624
1120
15783
8540
2235
8764
19200
2838
15959
9312
5375
9944
7846
6619
1630
1668
8004
1470
18134
15089
7949
17088
14191
17716
15179
15747
88
10484
16912
1203
7945
15774
8912
6593
10015
2634
10362
12527
7853
6399
10698
5032
810
4887
19363
8052
7274
18372
14400
10186
17105
5510
10841
10348
18702
12408
14806
12046
9131
17030
14270
959
761
16118
2430
5499
2839
6821
14598
5055
1445
221
4574
15596
6266
8936
11428
7327
17615
16000
12625
14081
12153
17194
4445
19140
10733
14020
15614
7163
16811
19518
5101
16925
18863
4086
18
14535
15240
13521
14540
11833
4906
16449
15817
19654
12492
3338
7780
10633
1097
4276
8800
11260
11293
17716
4140
7855
9746
7355
19114
16153
15910
9350
3924
9196
227
17056
6076
3210
12263
15464
11347
6162
2226
2543
19219
18668
4299
19654
3718
1971
15228
18238
15607
12638
6603
14967
6865
8699
14262
12526
3382
16885
13270
8243
16819
15679
11892
17721
11569
13847
3019
5696
7742
9150
16460
1274
6136
16913
563
19755
6106
3154
6578
18234
12293
1943
14223
17145
11125
1687
1868
4962
3051
10040
9797
8225
1432
12095
9960
14088
14024
1579
678
17574
8009
9722
9725
10724
4484
1477
14220
15828
13370
13811
10779
9926
4665
15714
14355
12764
16986
14651
9212
15401
9323
19112
459
11637
6968
11976
19592
19473
17531
14354
2475
4766
17995
4613
3200
4290
18743
2259
12271
10369
15496
11378
12525
4287
5095
3306
11264
10651
6075
3232
12004
9896
9956
10408
14288
11135
14196
6668
15017
12508
12741
12930
9705
1256
5110
18371
17127
10681
9957
11972
15776
16190
14035
11109
5574
17606
12514
6885
13279
19942
1584
10884
5016
9813
9276
13045
14376
9683
15449
5329
19521
17135
16869
10880
7727
1337
18327
3359
10809
13917
15730
6141
19860
16411
2100
6067
12746
11480
12419
1427
12790
10089
8266
8874
2085
11827
8169
18954
17879
562
14620
14928
5456
2609
13691
14587
5963
19616
8179
19748
2614
13332
10229
3103
13712
4469
4366
7128
5924
12821
16868
14723
6248
10855
12438
16283
16108
7929
4083
2881
16016
7361
7166
248
14237
3499
13547
3248
17897
11013
6764
15524
9970
3572
4185
4008
579
4110
17071
2981
6051
13854
4482
7377
14169
12315
1977
2
19046
5422
11029
2380
14067
3985
105
3885
16338
19684
13338
8873
1076
10759
7742
6487
9370
14596
4891
12818
17774
9396
8015
129
3136
12115
443
12804
1132
4859
6324
14736
1921
6919
19582
17820
11375
14650
12020
6246
11299
16358
16530
16284
17107
14399
6335
16247
16368
11673
16200
16309
16672
4698
16561
2883
16248
10454
16497
17232
15775
19185
16483
3003
14820
10348
16877
12383
1346
13885
13054
5551
7720
4026
13149
3114
11662
17791
19327
16227
5580
15389
18530
4068
2709
4702
13635
13373
13519
17031
10952
19701
10801
6309
5020
15130
6890
8949
6613
12062
11449
6532
4914
17834
3265
18506
19784
19811
14476
17103
5066
5663
10685
1639
8863
8494
15385
14404
1724
11535
12145
5321
8680
12065
2977
17555
6063
9261
6341
11274
9052
5664
3214
7743
869
16939
4661
928
19587
9634
19345
8817
3461
11603
4425
1631
739
4800
8263
9116
14878
15122
18382
14111
1112
18989
13128
4561
15304
11351
447
1188
1017
4806
12235
2986
5750
14524
7695
17735
2272
8654
4127
9728
15985
8908
18605
1886
4264
11011
8966
14460
18710
19698
7551
7499
6245
17952
6146
19278
9995
15166
15542
17868
15894
3920
8167
8039
15952
60
17219
683
4117
5756
10744
16943
5672
252
4091
4238
6105
7965
19181
6370
10396
18639
4034
14898
8637
19243
10984
13970
8952
2285
17026
15804
3632
251
14728
8994
19431
828
7146
6839
7961
2637
5180
7881
17119
16121
10813
5833
9493
19310
14659
11095
18673
3134
1275
11031
19408
5965
655
1212
12554
2102
9358
4798
10743
13853
9700
2254
15706
1925
453
18583
3205
13805
17482
274
16486
14812
7761
19130
14220
11511
5210
5194
3841
2184
1782
15936
16241
14035
12238
13893
2742
11821
16061
9965
300
7595
4925
14535
15859
6257
9178
3610
5814
6584
1757
12166
11496
2437
2990
11899
16641
13841
14711
15540
17764
2604
17125
14960
3382
12180
6874
5212
3019
16458
19721
11732
11939
7159
6310
2867
2534
14546
14422
14923
18315
1106
16178
1915
11432
12918
3618
7223
9673
18388
1097
19319
3867
9020
7936
18766
11640
1941
9764
8683
18451
8843
1986
5838
1859
1039
13822
14591
9937
5324
6349
10841
9797
10319
2978
8190
7142
7993
15822
3500
2796
52
16368
4026
17137
3871
3910
3329
18384
17671
10173
18132
15667
9619
3565
3337
2821
540
1493
7360
3837
14936
4184
14994
15911
19981
8454
9973
11036
17208
4845
14437
2054
16545
6586
7474
4125
7408
3804
9933
7548
6535
1430
7697
2858
7239
4233
10593
4150
19782
17415
9142
1566
17539
16217
16325
18874
8666
2965
6558
17086
17926
14992
9055
10050
8392
11876
17783
2943
17696
15438
5180
9628
8511
925
11829
9776
17972
2824
9282
11730
15694
3744
18213
12017
5105
19798
9090
7460
7757
932
17552
827
15319
9627
11688
5952
18931
6424
13390
3268
10610
15695
980
1681
16390
10110
5290
7738
5896
17237
16395
8012
8022
16699
3167
15648
7415
1341
12856
17010
1450
839
2875
19355
2373
11182
1982
5491
14311
18481
3042
6336
19840
10518
14557
7328
15776
14500
3157
9622
2904
4432
4235
12006
19321
6561
2907
4478
12066
16322
12504
9425
6756
5232
2758
11330
19886
1148
14896
958
3496
10358
5799
4947
16887
14917
8448
16752
5082
3674
818
9869
8701
432
415
19285
14959
17672
6648
2088
4464
9280
18226
13170
13496
720
17747
16975
16470
78
699
1209
18259
18429
11033
3466
11066
12959
10503
6700
15538
11270
13973
4483
10803
322
7863
1987
3119
8438
13921
3621
7830
13816
5528
3272
4303
17975
8697
18075
8547
7589
4977
11662
13188
13133
18429
17816
9502
17779
13882
478
11184
14992
18636
11029
4539
18250
4819
8810
14793
11328
14566
15786
3196
12593
15228
1319
14626
11730
16779
17975
354
2362
8624
14295
5683
18967
17986
15487
17135
11569
17060
7958
8873
16605
11132
8637
13053
7427
4835
5015
3787
12873
8737
16850
9408
17337
13456
15465
12723
783
3474
1587
3938
2137
7850
7652
15957
14495
10012
15527
16716
5589
3824
5572
18271
1936
8100
17996
7299
125
16775
12426
6721
13665
6900
16645
3124
8837
11655
422
19666
7991
10577
15382
19162
3718
14175
6838
7034
12341
5132
8550
8810
157
3272
16317
1855
876
6490
1360
6043
7681
4818
9428
3026
8360
9834
16565
18814
16944
6580
17469
9339
276
194
7394
13697
2972
14433
3520
4752
19191
4279
16732
11791
4657
9817
9750
14916
7378
3565
2545
15866
492
8452
10972
14945
5678
8631
9567
8760
572
300
14444
8439
8622
14745
7222
3030
14830
10769
5928
17761
15796
18701
13809
1850
17532
3182
1993
5558
19455
16901
6930
11159
8018
2481
8568
7534
8398
4694
170
3057
7696
194
5749
16475
8076
16963
6024
10459
13281
643
18855
17523
16966
9959
5083
12989
6290
8404
15727
14695
19187
4386
1456
14127
18783
17018
10289
8662
13363
9739
4455
9615
15355
18956
12349
5770
17746
9891
16524
7096
11380
16825
3655
18313
11578
9924
7416
17020
7501
15832
199
16056
12713
4221
14625
14787
371
17491
772
9010
11480
5796
10067
14151
9651
14591
1770
1457
804
16886
13005
11862
1245
7399
18246
17218
2568
783
9233
3570
6797
1128
11217
16181
10236
14919
16504
10969
19432
4640
1216
2073
7717
5206
16211
200
5747
10417
8102
1483
4483
1619
11314
11495
14054
15761
17108
14138
6934
15032
10522
79
18874
5265
11151
14423
6021
15306
18722
8315
1675
14517
9382
4155
1104
10622
13658
9107
7868
15063
11997
16608
80
8070
8862
543
49
619
11284
11787
15741
15482
2834
11798
7488
14532
8935
2948
18395
4520
14468
279
11873
18487
19594
14375
4736
15011
4738
29
9305
2474
669
10403
2954
534
4620
1365
8534
15995
8378
15687
14111
15254
9280
1790
5459
525
64
6733
9749
2011
18497
8129
13862
3226
2738
14666
5766
1651
3345
9936
12406
11904
7894
19252
12526
3618
19124
4137
7876
11221
12559
14178
1231
17785
4538
10933
14669
159
6596
3571
6536
7543
7125
944
10539
10726
6262
9769
5415
4135
14937
13611
8587
7921
14013
12353
12281
2242
14470
6843
5504
10944
4555
18409
10353
16822
14844
17915
6065
15655
17152
4062
19270
1192
18229
15616
3866
18287
14178
7243
18962
6365
16532
3650
18323
406
5927
11714
9764
1638
14318
15282
7910
15122
1660
2342
8786
16425
17998
19237
19651
14551
6915
11623
2529
3345
11251
16850
14865
18525
7060
17454
15750
2558
16711
10460
11153
4551
17100
12157
16584
7349
3891
3065
648
19027
17728
2752
17907
10966
3364
9215
4500
9697
17630
2482
14953
14704
7195
17162
3621
19367
2044
13585
19187
17243
15619
2261
5678
862
7560
1317
8414
5233
9972
11615
8335
13241
3177
19227
13151
5130
11866
19973
18742
19253
17606
5680
19246
16281
8626
16883
9283
4053
12828
11629
6739
5261
4963
5086
9561
15157
3895
19641
4985
1460
909
10167
14649
3661
4986
14167
4019
13915
15993
1451
9573
6694
1713
3069
2171
9402
19672
4155
10060
11134
9674
10392
9938
11766
8011
2781
19529
18566
19258
387
10096
2511
6612
15771
2333
11496
6700
12783
14072
2632
19795
1401
13250
807
11385
9315
14557
15706
6025
14931
3226
14477
19406
11493
14377
12225
19595
17002
1370
7532
13362
9627
11605
15180
18553
13287
13191
13265
8421
3101
935
6902
18884
5387
15093
15690
14617
11896
11294
17143
14937
12980
5117
3257
5409
19363
19711
12415
6108
7221
9935
3811
12486
6247
1434
6575
9766
15389
8089
804
6818
15959
16296
12661
436
16784
9483
10756
5967
11103
11335
15976
15226
9881
11130
1965
7633
1246
19659
8429
5508
10720
9138
14469
9467
1941
15565
4115
14849
2562
6957
1257
15122
5005
5902
16156
3189
16783
19867
10727
6555
38
17694
14781
17269
5025
15726
10403
2588
7197
2002
6670
7314
2593
11955
11888
3708
1221
14046
15532
9962
3104
8786
17083
3123
6704
9567
3947
17442
4384
18752
5642
4065
4617
17449
16446
13006
5618
12427
3685
3349
10086
8583
3855
12606
15750
424
13761
1174
1407
986
8871
12826
13127
11631
6054
17178
328
1165
12907
5060
16401
7706
10849
12743
3569
1741
4172
15943
6677
13820
12240
19552
5593
15308
7011
14030
909
5647
3092
14391
12634
4555
12488
2726
16553
12608
1252
203
7967
8633
10221
19466
7461
17363
7009
13396
8433
5772
1472
1144
11030
11551
1806
17395
12212
12144
13482
15791
6605
7786
8200
2448
17848
16988
15052
510
5120
7897
11074
11679
14519
13971
13386
5650
10003
7417
97
13395
3562
8807
12172
5238
9321
16332
13436
19640
11250
3123
10920
13659
19181
16069
2715
10998
12809
14582
5546
8587
18374
12738
19229
7648
7697
13240
10213
160
14278
6626
1400
6674
6123
14173
410
6415
4
17936
3495
5610
6825
6339
17291
14965
2796
8784
5580
12254
6089
17694
13265
10929
3677
1437
4736
716
18026
16565
18824
11111
8350
12809
7516
13727
6094
9262
10636
4430
9346
5197
3660
11192
5868
13945
875
18604
19420
13281
1051
4994
19072
10747
7814
13071
16202
7360
1930
49
18844
8133
7654
18176
18096
12849
358
1613
6263
5525
7613
599
11426
6014
920
8834
18123
12162
263
15031
8835
5975
18694
14556
5955
2224
19114
2110
18936
2937
458
11378
6300
6194
15451
12595
7205
2690
7149
3953
2236
18478
16419
17798
8137
7348
17578
7548
16146
1270
4359
6266
8638
12341
13391
12844
13747
4672
17397
6706
2675
19658
5276
16995
19357
3059
11275
17167
17178
7340
425
929
2427
7698
2439
471
9183
15221
11249
12906
15306
15612
12379
5890
14234
6918
5335
18320
2269
14700
13206
17080
6032
8079
16656
15755
19790
5104
14498
6255
7329
869
18037
19288
8064
16826
11377
14619
12081
14718
14860
7047
13783
3593
13851
19048
18846
13307
30
16013
4156
12978
17399
5018
15429
17815
10182
3075
12186
12764
14805
5784
14784
6410
3145
12337
13189
13563
9243
7809
2161
9988
16651
8668
12572
7682
8618
2446
13505
4172
8295
17511
4856
4241
1146
3867
5103
17547
16750
10937
3944
540
12194
13242
14483
16156
4224
19947
4653
9676
2365
9169
12566
4241
173
13030
15479
4411
6832
4353
7057
1238
6260
966
2626
17286
15927
8537
17101
15015
2568
7881
5278
16994
16975
17680
19177
11365
15061
8551
2122
992
17380
9391
4248
19751
4292
11957
9121
4371
8961
4600
6159
15295
15368
11093
8539
4971
13538
15499
1285
17024
9158
19013
9212
4750
9771
19711
19430
2357
14754
11144
18075
7401
1239
727
5977
17851
3185
13836
2932
12219
5782
14582
15282
6193
2374
19168
6479
4217
6086
2788
15328
9441
13352
6001
11584
495
1516
11508
3618
8515
7715
7285
17802
12856
1205
16993
14330
18942
6341
3615
9153
6673
18388
17255
16708
2847
19346
3030
13144
16009
5990
10001
4715
17194
7296
7074
11044
14979
13459
16811
17931
18282
3669
3095
19406
5371
4854
13569
13701
2482
18564
2806
2841
514
18182
7138
10533
3231
3665
7083
18041
5392
5981
18299
2746
4277
18450
17025
9053
13013
17158
10920
6370
9168
17651
11256
13803
17025
74
7394
16294
6995
19967
9481
1865
585
6881
10313
14664
14385
18023
2289
3494
1476
19105
10403
10530
13742
9584
7209
9888
13472
14488
697
10748
7740
10011
11015
4720
3957
15066
16973
2126
10066
5978
18278
6907
7792
16513
4424
4821
12409
