10426
6176
4635
17433
18719
10598
16992
7706
18782
5544
634
9294
17632
4568
10693
9632
6411
8178
8698
6371
18343
2370
19026
8343
7336
395
1459
17104
9419
18677
14538
2468
14192
2834
9413
10495
18491
4731
18866
7349
19439
16509
11193
7477
9089
12521
3643
19539
17825
15117
15090
8531
18731
5216
2637
17537
10095
3594
11827
17550
18254
13842
15159
18787
7950
2913
18586
1959
12403
211
702
12913
265
1146
14277
9084
1668
6105
4849
11217
539
10765
6062
18765
5367
8700
16414
12421
15618
12197
7132
12224
5983
2249
15842
4655
15645
3629
5726
17185
14751
6012
14861
3701
5279
17062
5409
9240
18492
18434
7376
7488
16153
618
16591
9463
7703
17576
11622
6830
582
7092
19303
18282
5886
7793
3557
12422
6531
8758
17218
5594
140
12667
1515
18080
13817
18423
2929
17130
12997
14183
2101
232
11578
16733
14469
17078
15501
18159
7343
13662
16979
5727
3084
6942
1553
5931
3088
3504
15175
8640
12258
669
3491
12274
8650
13480
523
15960
7986
16005
8929
9589
17711
10394
19038
17732
298
2124
18838
18329
10468
4877
12109
2113
16031
3485
6890
3681
17028
8375
1460
176
2855
19956
36
18492
12065
6392
15356
16964
4542
3177
348
12453
709
7983
16069
8797
7494
9180
8101
7527
15701
11499
8588
6824
18514
7255
6111
19625
5787
6574
10576
6831
13831
5066
5318
6544
15371
12370
3587
5291
19371
10021
11628
2139
15409
12068
5522
1673
2284
6886
13992
16754
5560
3613
4343
6996
13713
11656
13745
3908
7584
6703
13031
18631
2821
1669
15195
13214
9991
6031
5800
1358
2063
1972
17453
9570
3936
10781
15558
14670
3710
7944
7523
18579
10374
10367
12613
6328
7622
4158
14635
18235
18452
6424
4641
12167
271
19498
5837
16850
15160
1055
17891
2145
5016
18532
2821
17235
6231
1317
19650
12657
3624
9120
20
7128
8286
19971
1951
5082
9047
6291
3934
15876
12236
12464
6537
10589
9440
12352
13724
17361
17928
10182
11068
1196
3442
13261
3042
19184
44
9934
16585
7069
6692
11241
3121
18093
5250
19698
16222
80
9606
13647
7108
1662
594
612
5161
3613
6401
18087
15652
16219
13155
5218
11852
8614
15367
13784
3738
1030
939
11950
10463
15899
10392
19196
8777
8728
15033
15883
14602
4710
3731
15884
19936
11987
12996
15718
12270
7515
38
18627
8727
16459
3513
17028
2076
11067
1629
1789
845
19949
2293
11750
10695
3707
5014
1940
9251
17847
19214
13926
11582
8919
8666
16719
8509
14808
16725
11697
4932
5134
12046
19954
10369
2678
19491
15542
18887
11785
5876
13025
610
4677
15295
2776
12005
1613
13662
12487
17120
5831
7186
18285
16964
19219
4467
13933
9231
9644
16875
11523
5525
5872
16937
12114
18310
1035
19384
9753
14744
10561
14572
17303
19594
15516
8947
7538
14431
7300
12250
7914
5270
14618
16154
12485
15863
18684
14002
19370
8818
7576
16356
7237
1744
5694
2031
9218
10595
19254
9305
7713
17416
3749
16991
18499
4668
4328
10061
17603
3320
5014
9508
9362
6903
7714
11134
19110
8705
6951
2952
18934
4300
11249
15886
19938
6594
7127
7462
9436
5579
6618
3177
16540
9988
4268
5221
14549
13017
14538
3265
13606
9334
5563
6975
2034
15531
10184
4956
19808
11231
217
19811
12595
3017
14869
13999
19791
18392
19260
6178
15002
1934
13976
2735
2412
10856
1597
14162
17453
12140
1135
10998
5240
8448
6317
19005
15194
4982
8656
18262
15291
14492
11244
15886
14383
2623
4205
7039
6021
769
17744
3938
12213
18640
13735
17528
10573
13727
1778
1525
13273
19847
10668
13511
11264
1949
11210
12763
2170
9392
11321
19507
5330
4855
9356
5295
12391
11086
16588
9166
6917
2668
4794
19314
11427
14991
19869
4916
5324
7624
7417
7836
2134
4259
1250
8868
19496
16435
10737
8227
352
3212
7933
4958
8761
3994
439
4968
8776
6682
913
12348
19830
18344
9187
3689
7066
10596
7913
10074
10035
16880
17681
16433
18222
3813
2557
12946
6819
3818
1956
18187
11194
1206
9807
18694
3483
8902
6941
14651
19754
18004
17636
6368
11175
7365
6263
1260
17614
5373
14962
5987
7133
1140
8300
13465
9786
7255
15827
19433
19178
1322
8488
8247
209
18449
9822
12608
6455
11879
7875
16898
15608
3956
18777
18823
16426
14611
17923
9038
5616
19555
19678
13452
18110
15363
11567
7895
19140
13645
13858
19832
11580
11484
516
16823
16976
10330
2420
6403
13701
541
18813
17078
680
13754
7916
15118
122
10276
12631
16843
17683
13685
2283
1082
3521
9820
16335
11497
2657
12357
1016
3455
8096
2153
14786
15141
15135
12549
3602
7598
306
17815
11892
3374
13377
6926
198
18476
15865
9864
5414
7310
4485
8621
4560
5299
2982
10095
8024
18859
10775
3075
13224
17429
1857
6491
14606
7244
12389
1119
10936
11522
418
1940
15810
6778
6166
13314
2329
9927
6318
14194
17862
15886
756
5532
9857
10340
15173
17083
8613
7381
7992
15797
17971
6694
15058
2971
9846
9983
10502
12367
3549
1316
7248
6468
15830
1096
5578
13072
12579
8319
3206
9396
18127
10830
5293
5900
3084
8252
17834
6994
16644
17275
12872
10833
14306
14001
18957
15380
16939
13024
15302
2929
2133
7936
13067
266
13774
2947
12206
16666
778
10307
7320
6913
923
13213
955
11520
10713
18896
7772
11347
7223
11566
18038
18805
12843
19914
13873
12818
18881
18846
16680
9758
8941
10148
9213
7509
8029
11763
707
4875
8322
10363
8509
3500
7526
16921
14662
4498
779
9946
851
16978
12016
16092
10178
648
15758
2809
9189
9696
5231
2739
8588
10115
7789
14533
6083
7688
13544
9786
19798
8790
8166
769
5688
1225
5777
8649
17399
7254
2878
16888
12001
6030
19255
19503
10040
7611
16786
18875
3349
5738
12108
12805
9041
1577
4055
15481
13137
15604
1829
2074
12260
9815
4830
11621
6832
7468
10077
7908
4213
2519
8171
3020
15214
15964
13731
13260
12438
1253
1230
2114
3862
5981
2196
9961
117
2033
4680
15199
18898
1373
959
16494
14937
19667
14395
10826
8980
14923
1390
7018
14211
13339
9380
19452
3544
19550
16799
11639
6245
13446
5952
4340
7296
773
4741
7934
7956
9681
18168
3702
10952
10421
15569
3729
18734
373
4504
4104
18233
1594
7243
11115
10566
3070
789
5109
9109
4871
6376
11727
14399
6376
19377
15179
19284
5777
15550
13265
2760
3037
14584
18821
15946
3489
6860
17271
8619
4276
14366
14988
9755
10799
1725
18144
511
15382
18245
6725
3086
15324
16944
13424
13899
12540
1492
2070
14521
1967
16994
5308
18795
925
5558
6197
19591
16629
12590
13426
3624
14030
14748
4824
7771
11170
5489
18865
15343
14256
19158
18850
15718
9617
19544
19442
15807
14749
3849
10264
16764
15629
18006
16226
14388
2484
4279
19286
6661
1206
7085
11314
16841
2599
7983
12768
5571
16648
5749
16851
10420
3987
2501
3844
16309
1771
1781
15307
5248
6125
9560
2826
18833
18362
14083
11000
11930
7164
5502
19354
990
3896
1231
12865
15427
13265
7964
15792
5505
6490
16282
8485
5165
9182
8808
11881
13225
1120
7823
9356
1408
10102
13300
632
2610
7079
7281
7418
17873
14729
5542
15480
5476
6689
2477
2824
599
19616
147
8677
18987
5262
17426
2963
3060
14760
175
945
13896
12309
18399
12738
17537
429
1307
2371
19041
4002
6222
16085
2733
5253
2277
4558
2080
6888
14833
8746
7638
5559
1553
4020
6493
2846
16085
2296
11653
5954
264
16837
4814
15297
10803
19417
947
1166
11382
4545
8132
16670
6089
415
1086
19127
15149
11291
11825
17108
18873
999
5888
5308
762
12228
17561
14434
5721
1306
2551
8307
14295
13166
11533
5355
18889
6166
13013
6685
12886
1466
18953
17930
8627
16636
11573
17049
5162
8196
14797
5276
11734
12766
18755
3392
17919
1521
10793
531
6362
7625
11428
7677
9055
11355
18669
13066
13074
12574
9172
1671
6746
5263
9637
5944
2144
13790
16897
34
14880
15604
10142
14630
7114
40
3706
14654
4729
17931
13853
6956
4598
1702
18015
10233
12889
642
9901
4328
340
1040
18923
1121
5450
5874
7378
4187
1512
13729
3822
9406
8432
1656
16072
3725
15275
1627
12272
4246
4463
5305
3465
4839
13580
16795
6111
2457
15707
18073
7972
347
4227
16777
5828
10347
13047
11050
8434
1446
8162
11119
3178
6805
11510
2307
9860
6424
3040
19145
10047
7635
11951
5299
5420
10623
13023
18976
3573
11143
8982
8510
14686
17645
4841
7809
7512
4970
5150
6355
18125
11818
10091
13438
9852
14181
11366
1324
7841
11905
13795
17026
16686
10601
13588
17384
14567
6062
9203
7130
2324
3399
5749
4626
10908
8056
18850
4975
15661
10925
8934
15166
10832
14717
1857
976
2799
13796
16817
10286
5413
4657
7490
2513
5908
9233
7330
18843
14821
18226
14960
12953
18346
6643
603
6908
16570
18725
19484
1923
16026
4460
3139
18671
10002
14866
4581
6836
5034
8228
18240
8586
17036
4483
635
5663
5493
9936
2696
4770
19158
19494
9696
954
11687
8608
9707
3653
10661
12111
16534
15116
8418
12135
18063
15873
8140
2301
5945
16934
3633
363
7578
3428
16234
6497
6305
19344
17286
9426
769
8074
9615
7559
19375
8456
6455
17338
10780
10972
11236
5985
16356
3830
6712
10823
15569
3585
6817
12372
195
9998
9737
13402
18333
9830
15591
1127
14134
19237
17190
14733
14191
19475
17295
5427
16523
5592
10821
1191
3108
12788
15413
13431
1868
10151
18844
7709
9083
16433
16666
5741
8139
17568
18550
10860
5572
10620
6757
14112
10324
3836
15175
3197
7169
7506
2361
1415
231
15310
17020
8835
7539
838
19370
2844
12550
18980
6815
289
3593
6857
17380
8381
17149
3998
9335
16561
5922
16442
440
6506
17633
14448
15272
2472
15473
18511
14039
9154
16150
13368
1348
9252
6481
14670
18348
17933
4443
18029
6685
16375
15648
5108
17718
11580
1156
6453
5420
14643
17574
5749
6415
14671
15387
15190
15573
10524
6433
16649
10617
7587
16495
8338
4164
11737
3907
1644
6653
17719
10154
17822
8581
14089
13363
19250
15499
11935
656
14911
14197
9558
283
4809
13516
10286
19470
12994
8235
15633
18945
3889
19446
968
41
1606
9889
5898
5352
16934
17651
16536
18848
11698
16689
1866
16411
15159
17606
11360
2709
12162
7116
6068
15363
7701
9643
341
2333
17604
19475
16390
3464
15
16941
18867
12130
7367
7007
1652
17913
3526
3770
4029
16257
15806
9257
18453
16031
16525
19982
17078
934
13809
19694
9250
5694
16317
1754
7137
12987
1575
9575
1697
2010
2621
8577
16163
4661
12630
8065
9233
10249
12218
16504
5157
4673
9108
18600
12910
15023
4849
7637
1625
15514
8269
11509
4491
15716
362
15873
8290
17004
277
12878
10773
8164
7116
8892
13049
16101
17218
9671
19184
12583
1621
6405
191
2951
13380
11089
4611
7750
19444
14639
2851
13195
16769
6199
17491
11433
17354
17085
16726
16522
11890
17790
13145
7070
6719
1489
15031
11476
13765
12496
2362
16699
18158
3091
4715
6508
13208
7164
3240
137
17438
4121
3918
7285
13350
11468
14265
410
12620
9539
686
10238
17409
6778
8655
15435
12463
19030
12926
2374
7717
1275
9938
15945
16065
15240
9624
7325
15993
1323
8794
9672
13769
8277
13299
17655
4864
19081
1138
11777
19305
16445
3721
13415
639
16373
7456
1528
13194
3241
2865
6949
17335
4805
13393
5229
17391
10596
1126
13943
11948
2129
11585
5405
1189
8366
4782
10738
10977
4866
4748
16223
18362
76
4697
17876
8199
17170
10016
5179
15569
4911
6290
9913
13689
15943
4521
1026
11996
15960
744
11468
14096
12205
12233
7949
10261
14706
17464
19529
4168
8713
12046
6003
18558
1767
17790
12007
9520
13823
7112
17785
4058
3892
9958
2545
663
11611
15429
1368
17554
17202
5311
1567
18276
8240
1675
9479
9363
6680
15759
3586
9726
14574
10295
14932
16474
1916
12491
757
16846
5051
19837
2300
944
9096
5935
2684
14956
12794
18537
5853
19550
19249
6971
2471
3137
981
1158
13734
4683
12733
9389
9031
5755
10465
7070
18388
16500
19983
13601
5638
5233
3634
19593
13244
6323
18500
11603
14731
6075
4537
6577
15641
11283
6093
13185
8971
10142
15242
2241
16013
222
10372
13392
8546
3170
8463
10260
13313
10842
14492
1236
4722
12549
16417
8097
16698
18101
19142
9654
9650
16343
15949
12593
13454
13863
789
6723
12423
3565
9897
6799
3179
17795
6168
8117
1377
5700
4708
8066
18211
19517
3029
10822
12646
19476
4304
17379
10307
12000
7124
8093
4969
894
203
9941
3577
16215
5452
5668
744
10495
17883
7015
13658
17028
15752
19225
13331
9884
19403
9000
13146
10354
2240
13100
609
9508
2263
9778
3277
1552
7609
239
4777
7675
14531
12293
11857
15073
1264
3416
18415
830
6200
5387
17437
15360
3819
17691
16781
5076
16813
1889
19747
18996
7837
14121
16372
8950
19327
17950
16378
18102
14822
4721
19726
17445
230
13628
5703
14986
8464
8676
6476
7284
15909
14725
16066
8042
4126
19801
10658
13442
5266
15870
1206
8896
14592
15251
4259
6922
18587
4860
1939
10808
12054
5483
7030
3776
2659
8243
14088
8316
6358
5470
2535
5381
2134
18152
2659
8139
19494
7154
458
9959
17152
395
2276
11323
16341
13166
5156
15354
17200
3788
3857
6640
11654
11780
10466
13052
11240
10743
7546
15235
13312
13129
758
13459
14064
9103
1890
6527
1805
6662
18239
2418
8923
5225
9272
5356
5982
19857
16512
8990
6384
18324
17587
10381
15036
18180
373
4470
19455
16049
18174
3729
6755
6301
11874
12667
14948
11325
9998
11894
12003
10549
2623
11422
1095
438
10073
17886
15475
2625
12337
5386
11420
2372
10148
4625
12677
4564
13654
10039
4853
19391
19633
9596
3178
14944
3178
6968
2096
18878
14782
10743
96
16352
18791
10387
18245
16422
14120
3618
15843
4085
3207
4911
11651
149
122
9782
4115
16123
13772
14581
9041
16315
7144
16448
18137
4329
18522
3137
6885
16136
15607
7387
5154
6919
18490
5540
9013
3876
12416
5071
17172
2165
16256
10746
482
6184
17652
4070
17951
3364
10754
15730
17691
2678
17493
15708
6248
15040
18326
10761
14751
17783
3396
3953
15309
10413
28
15922
6103
13814
17528
12572
8609
10105
15184
8884
5382
5317
4446
3523
11848
2104
1190
3933
536
14648
9025
6611
1190
2971
19569
2241
5193
8816
637
380
7755
307
8276
13386
6279
17563
3583
4264
18366
16456
253
8132
7882
12703
13773
1986
12533
13473
8232
2450
11374
8709
1651
16206
15704
19333
15793
12787
11774
4546
1381
14419
8751
15388
14666
2598
10369
6759
6273
6102
13714
5083
8284
109
3575
13808
10463
11117
15794
3916
1594
7351
8063
1654
16843
19354
1595
10645
17104
427
2118
10595
11242
1634
13616
19755
17194
1035
3262
13354
2852
11853
990
15164
12666
19246
2117
4410
10912
385
6483
5186
17552
7522
12524
10590
17636
18728
9730
18742
10169
5996
17913
2899
7393
15401
6731
2821
418
18989
13912
9611
12134
3096
5591
1189
3346
2785
7226
10602
3075
17074
18512
14352
18947
4659
10742
12936
8627
4814
10038
769
18217
13145
14906
7704
18573
6910
1543
19308
15459
19561
15334
8105
14498
9224
11978
12958
6836
10784
16682
8786
6472
6279
14859
13795
15180
13272
12763
6425
15975
15910
11510
9186
1042
8336
2912
1571
5082
5162
559
9254
0
18669
4606
1725
11886
7441
3674
15589
6210
6111
2330
5679
12184
10907
7561
11206
2215
681
12695
9102
7403
18127
2201
11762
14999
845
5803
11373
18782
16971
15348
18007
18286
5039
2866
3672
7800
2764
3264
9506
1103
14448
10074
18310
2855
11678
17719
19592
2580
7022
8710
19322
12195
5388
9227
11581
13004
2757
1517
14294
3100
6964
6542
16230
1126
212
15319
7458
7307
8023
12396
10451
7715
4287
19884
14021
12692
7127
15498
17271
5363
5241
3042
15755
1199
19430
18768
7040
4538
8974
2055
17833
13023
17579
3837
19896
5890
18542
11230
6909
17035
3859
11781
9476
18807
6935
5789
10465
7463
13596
123
7871
6217
1098
1987
17384
6824
9800
16065
11846
15643
17208
13476
19798
15102
9068
5989
10293
16512
7194
3925
16164
5175
18729
1192
12945
3702
16511
15884
15608
4501
5245
19883
338
7355
13164
15905
3503
3043
13860
5423
15022
8925
7984
15907
8313
7448
19494
819
14018
3486
6145
10795
9674
1480
8897
19463
2535
8287
9945
12323
7729
12700
14044
12128
8925
17555
12824
19216
13718
5389
16783
10208
899
3551
4638
3535
1813
19737
4735
5209
2984
3872
8187
13293
2200
17267
18445
4494
15237
15011
6982
11325
15419
12515
9775
3274
13202
12157
4274
10404
7950
10961
11554
12849
9125
15250
13322
4607
9045
13208
18480
5103
14416
1289
18922
16934
8820
5413
19264
13244
3352
2884
10178
3172
17583
15966
33
8794
18047
13061
4523
12017
6430
18417
18972
14838
14658
16315
2997
1438
9070
660
12229
15510
10848
5921
16767
11295
4920
361
11059
1736
14495
7481
4901
12205
3437
6635
10226
13229
13654
8732
3394
10662
9702
7981
7648
16730
7769
15602
5438
10401
11260
6456
15297
498
132
14514
12948
10016
6203
18112
1347
5056
11594
937
19332
16831
12509
19665
3575
10179
15529
14197
3521
17011
18623
1436
14005
18141
14041
18528
15233
1933
15299
6522
14810
13201
15428
10374
11506
10802
8681
16233
5457
17352
12889
11952
4466
9519
14640
1763
1112
2308
4489
11046
350
5798
14364
2130
2279
17749
14371
7072
9782
533
11186
8345
15707
15813
15210
3374
9296
15415
8679
13852
6532
11834
11930
5786
14108
16798
9985
11199
1682
1342
6665
7430
2140
15820
18405
14972
4518
13298
4966
19777
9296
4765
19231
10976
739
19590
3265
9946
15981
9684
2837
11661
15526
775
17584
4264
4876
19263
9010
17803
1943
8069
13500
18064
9964
9934
12541
6436
584
1591
17348
11749
16802
7251
10056
5027
10472
4855
8692
13086
14040
3500
8104
11912
11207
15511
14028
5771
16203
11568
12494
2970
16366
12341
1748
4225
17706
15064
18880
4554
18149
18494
18351
14654
18135
14680
4596
12674
3280
987
5903
2352
18764
10814
1744
18422
153
6440
751
5256
10331
2433
11528
19656
17232
13070
13478
13751
12063
2192
19840
18925
12699
18938
10119
16722
1947
7801
14099
7654
15353
6433
14622
13864
18255
9642
1332
16570
16757
3021
12555
14231
12317
14638
7515
12380
14638
18234
16070
1045
12543
6365
18154
709
7534
16913
10113
2747
19700
1425
125
15268
693
8699
19886
10306
13430
2062
4757
13295
3224
13779
19556
769
10030
5026
12172
17225
16490
4871
2217
7071
11469
6692
16866
2626
13762
5474
11102
14083
5668
4428
14546
12379
11113
4356
12043
923
18016
14214
10220
17101
9570
6297
7180
9507
14150
4503
7528
1833
8510
19081
9925
19356
13975
6343
19332
18963
10309
16738
1171
8647
16939
19746
19547
7411
16240
19036
6755
1523
18553
16299
16233
18055
13626
7226
16167
1643
18172
18037
5925
5411
14229
16029
2510
11989
18008
12554
9223
5566
3909
1883
3715
920
13412
4379
7627
353
3513
7433
4997
14478
14396
2585
1622
7785
1033
2274
2570
14939
18401
4659
10015
18730
14994
19940
8605
5623
14326
16621
10520
19845
9111
11152
17443
1944
17801
9389
1595
2755
18184
13306
13055
8719
17708
11397
5526
19481
5245
16214
17753
3717
13956
17462
12766
4119
9961
4103
2151
7471
6502
13902
7518
772
8276
13849
16375
19324
15630
19900
14573
17730
3315
9472
2528
19743
13469
5127
7395
7897
7531
12884
8393
18865
6768
3603
17456
15473
16101
10869
2403
11310
10921
3818
4824
8882
11577
18340
9846
17228
15237
15100
9997
19953
19785
17817
10327
9607
19469
10226
6992
9349
16969
15179
16481
7832
1581
4299
17676
18249
8197
11652
13931
17480
16777
9855
7356
6271
17001
12054
2501
16384
7771
8237
1615
15661
6281
9282
18678
6933
6310
17211
4393
1716
10452
5060
19318
14627
5952
14831
17330
9465
18844
6928
6613
12883
6082
19557
348
16600
10344
1484
14299
14087
7195
6624
13485
2656
19305
3878
15116
6904
17409
658
19986
4438
12685
3552
9519
19826
10248
4542
10635
17704
18449
6235
15644
10982
13657
4534
9343
5091
5219
12183
511
4191
10283
11636
19982
10300
13172
10672
12490
11264
8994
19208
14472
18519
16183
10738
15012
564
7651
16838
2120
3108
15233
8175
1528
11806
7136
457
198
18528
3049
8769
11720
17113
16624
18709
5789
19517
7
7797
8963
8323
10104
15563
8865
6524
1278
5768
19036
10540
14154
9188
6625
17386
15229
410
10083
1942
6966
7061
19084
5259
13069
14919
13822
19833
8617
17343
5905
2797
9749
2449
8008
12950
2593
16489
4488
12583
16110
6850
144
16
8564
13121
9304
3805
2281
19667
12440
14544
6406
8141
12481
15193
12328
13377
8026
15895
11474
11100
5640
4189
10151
10884
18412
6579
1127
12813
2982
2385
16635
11259
12200
15814
12499
14232
5624
17198
18048
11735
5041
9325
11528
11557
7184
19802
5686
5947
10853
5402
13220
17604
615
19306
6776
18423
14274
17206
13183
19426
6296
3185
6620
15330
4381
1322
10391
12177
1364
3958
2000
11465
9642
12562
1216
9229
10300
12122
5817
13494
14136
5022
4693
8543
16767
15324
3000
19447
15006
19388
19052
15279
16694
3798
17645
14461
1177
16487
9483
672
12615
2043
11419
2770
13311
17094
7167
17142
9249
6748
13207
15948
5021
7986
19543
9665
10343
10979
12
17402
5332
14247
11837
3389
16752
14603
9100
3112
2391
17822
19832
7500
5780
970
1400
18626
8428
2324
13890
15343
11762
19842
16155
12301
5967
4086
14232
784
7902
16573
16815
4794
15288
9465
17454
10832
9357
7541
8192
14806
3137
18400
14305
14503
17576
1821
4852
1072
12686
14216
18708
7939
5884
9124
10770
607
14745
19676
8035
15773
6317
13969
10221
3194
224
19287
14631
8749
17711
16114
9936
2128
13842
7857
8584
17588
15033
17242
12495
1210
9090
5297
11753
3103
19972
13880
976
17983
4438
17675
3039
2570
12774
16590
14858
3234
801
4523
14907
12343
5325
15390
17163
16728
247
12392
1163
6722
15490
11437
12860
19201
5958
14655
15974
13068
2696
14958
18510
608
3442
17561
4144
3174
4770
9427
3164
4609
2993
12542
2637
878
16028
1996
515
9314
3403
14767
13348
5936
6602
177
12295
4274
16921
7944
7129
14130
3036
14765
2919
3724
15466
15379
19063
13646
10115
9027
5391
16076
18087
17278
14986
17683
13955
14124
18447
9660
19675
14304
9257
13323
6335
10792
14955
14715
921
17376
13791
6650
10288
17276
1564
1635
19531
3732
18321
4113
6932
3505
9602
15455
2683
19227
1931
10147
3559
11526
17224
6602
741
6890
15822
1040
2969
2177
2812
17877
2214
1730
17342
15047
14059
8024
9619
7707
9970
11788
15255
18759
3655
12536
1675
9628
18691
5445
6263
9723
9601
15519
10928
8036
13589
4974
2787
15304
15094
4788
15648
10173
10368
6344
11981
7806
4268
14106
10070
14369
16429
5278
6014
15836
19033
7358
5298
14541
13335
9555
3586
11927
17159
8980
1450
925
524
17567
2707
16397
11614
645
11058
17078
263
3120
4717
17473
11146
4183
13714
13115
3867
6493
9562
7655
2124
10770
1972
15199
19154
11739
2315
16335
11620
16352
18495
11291
19158
10242
10951
18661
11745
3328
4450
13133
12092
10523
15371
657
5239
8476
19163
14497
12554
14288
7672
591
12303
17136
11012
5674
13994
18742
3677
6588
18684
3638
19579
4218
2420
5137
5700
10502
5017
17983
9045
1936
11360
13579
16577
18030
17404
18770
12840
8132
18075
4082
4934
15080
19253
12380
9545
9098
1019
3874
1714
10389
4366
18403
10033
3856
18549
950
7949
14389
11270
1314
15874
16153
8885
3878
13782
14325
18809
8413
8981
2700
11325
7854
8746
5622
2973
13992
12508
17664
8702
7004
3278
19502
14990
9775
2998
13414
11097
12942
1502
6852
659
1593
13784
17509
798
19572
5247
18339
936
12313
9634
5942
18513
14146
9320
779
13772
11020
12653
12632
10830
14565
8035
9756
17195
8446
19429
15166
18929
12936
12979
18484
13649
18649
9431
16793
8541
5375
2041
2930
15581
6943
4660
4663
1159
8064
19683
3176
12273
4078
545
4320
6502
19554
8463
1040
17931
6669
8093
10447
16223
9319
11811
13942
1020
3878
7287
13856
18870
12564
8050
5021
14850
10338
11733
4728
16098
11275
15671
9500
9412
5341
4560
12111
130
1528
9853
17308
4463
18261
5571
19655
12468
7040
10242
11944
3863
235
9633
17611
3852
18978
19971
5594
11163
2095
16337
11068
15475
2009
15933
10500
6435
18547
10887
4449
1437
6607
10307
6574
4364
18598
16252
2250
12466
7610
3327
5270
13581
2240
16566
6035
869
9019
7312
9697
17250
3374
11773
7675
6748
15058
1933
10987
14903
18996
3527
18843
5461
7476
741
916
5524
4624
12344
16756
16333
9102
8936
763
11892
15974
5992
6166
12612
13652
12396
6438
6158
16896
19149
17601
12689
1778
17946
9838
16688
13551
4295
1861
12551
3379
4883
16474
16144
14839
13862
757
19494
6154
7749
19330
10823
19081
13633
14105
7088
10403
10357
8988
11242
6947
7391
2964
11381
10086
11058
19988
3975
638
12816
9137
8367
125
19274
13450
4735
9312
8636
10903
12691
9963
3261
15939
12716
768
13020
15015
17614
3361
9141
14582
6173
19373
13233
4944
16221
4461
11170
8438
19262
10243
6530
5364
3885
10085
13266
16111
125
9669
12308
2902
1975
8291
1777
19620
10225
1804
15499
3124
2820
3179
9508
4516
4932
1585
1224
3781
15916
5947
10995
16248
15360
3917
689
4301
15391
12190
9025
12782
11451
19103
8333
11528
8712
5461
12415
13466
6316
14521
10227
1719
6650
7072
5029
4148
1813
2554
3724
18781
14488
12148
6056
18545
15389
14774
8355
8767
4483
11938
1530
15856
8165
2366
7977
10617
9578
2360
7108
14634
14268
2811
4176
3151
18358
18814
2090
2901
11424
12815
908
8309
11270
17233
14691
4514
12787
7488
406
10644
18075
1386
18570
1784
28
5775
10322
13067
16562
16437
599
14342
17673
2133
2127
8835
12513
8747
19886
14258
8684
4466
761
9795
908
11930
18051
17405
11299
18297
5531
10878
8389
19154
749
11081
17117
17207
2257
10838
16968
1702
10443
17870
10433
19505
6675
9245
8995
13772
10427
15765
8824
11165
19081
19731
13361
3532
97
14531
4987
15002
10230
19475
12962
10426
1483
8325
9820
6104
18489
14952
13411
8730
17010
4562
16766
13508
18229
3922
12997
17353
18534
9031
7390
8135
19479
13670
13899
15895
7606
7265
18222
16965
18819
15506
14644
6948
6998
2156
8838
3469
1534
15496
3816
4657
3481
7823
11200
14287
15009
1465
15024
9518
1843
19728
239
12161
13378
6231
3107
9435
10163
1045
5690
15112
13423
7102
1596
7027
16337
5278
5184
1868
1722
1617
1425
13181
15850
15122
18577
3548
13048
19538
10895
6854
10799
17590
3539
1591
15
11091
16880
1133
169
15371
12389
11930
13982
11459
7292
15535
1351
14454
10184
15429
17195
1526
14789
14564
2921
7989
14050
14561
6189
4868
1738
12516
8663
16412
13772
16332
6438
992
6426
4531
12836
3804
13628
1469
18247
14834
10519
3903
6706
10512
15475
19844
13907
2496
7773
5629
16315
2019
3086
12156
6093
13243
13998
16216
11505
14054
7734
17859
7506
7739
18267
9735
6189
13968
15030
9343
1781
12546
15376
10129
9881
18344
13009
12366
5626
10862
19554
19763
10463
6865
1463
12728
2228
9513
19430
14231
8210
12438
2530
9205
5895
2198
14236
3411
1067
7552
12530
12727
17962
8979
11274
18769
1166
6900
15048
11810
13931
12022
4623
6914
2607
6248
15273
4233
1877
7594
15102
9402
475
17547
15581
14967
12090
14299
11480
8790
1117
303
12376
358
17978
17576
12938
945
3664
9197
14169
18556
8214
10437
12781
13594
12805
17947
919
6190
10135
10460
3393
11129
2810
19427
4618
1306
4388
13033
2456
5664
12804
2036
11127
12538
10831
846
405
14340
13290
2313
3259
14543
5681
9629
9142
2876
3924
13806
5118
9682
9911
10150
11997
15377
2535
12187
7687
15943
8901
6455
14935
10388
5401
16623
15656
1127
3335
10357
19023
3199
18773
7386
15519
3276
11347
12184
14136
14397
1646
19730
4899
17351
1924
7766
13919
4674
19785
14000
3142
8163
19553
1681
12002
15880
10997
2001
3149
9553
115
6743
19454
18330
1653
9621
4463
9821
18042
19750
3500
4355
14465
15688
7603
3405
4707
13471
7478
8107
7508
7097
9655
8814
18078
4890
12052
11620
4490
10172
1103
12802
3612
19698
17672
17104
16283
18281
3915
805
6410
13038
8287
5511
13687
15711
10884
13612
14606
6491
16302
1330
11461
17777
6207
10304
14026
1324
8793
3649
3595
7195
7327
17426
14077
7980
14964
3455
9828
6695
8015
4420
4903
11820
14863
7190
13430
7892
2708
5305
5778
15114
9337
6557
10218
16398
12093
6607
4757
15287
11247
14574
8834
13197
9945
1536
9573
19408
17929
7877
2267
12253
11213
10419
9790
14931
4904
15277
10625
14386
1354
7377
10193
16692
835
12564
15162
17381
6919
13256
15444
10147
3747
3561
3547
2363
7392
14808
5978
10864
18479
7429
6390
16408
8272
10118
5149
270
15399
12221
5017
11412
15413
284
17634
17638
10367
14691
10490
19211
10605
7349
19074
8331
5939
6340
13882
2944
8414
18480
16979
8294
13837
5731
7800
4674
14268
16395
2874
4798
18653
17034
19161
9251
3789
16046
15696
13429
2811
14839
13211
4433
3382
7546
16444
11332
12782
15205
8802
17251
12073
5352
14079
6705
6541
12967
4913
6629
4589
3692
2668
4537
2278
5289
18427
12245
15698
18244
9787
8602
8361
1474
13148
19656
5796
14069
16167
19705
14546
19010
83
1660
7740
19788
6592
10166
4439
5881
8957
15913
14935
8012
12049
14572
9202
9123
10994
18801
10670
2023
3127
16760
2522
9621
12934
15552
18703
8702
14664
13065
16816
3172
2310
6606
15101
17711
1643
11811
693
7784
3972
10230
1320
6920
6346
9051
17666
17233
7857
1388
18545
14088
16749
564
6112
870
8016
6855
3273
14793
16171
10092
486
9671
12886
16590
4154
6611
4172
13833
13777
8543
6811
11343
70
19546
8702
1186
1220
14882
2822
6534
19477
12709
9499
11743
5262
3374
6654
12362
988
17251
12738
8527
1766
17050
12020
10173
15208
5537
16931
7490
7478
4594
7140
5082
7822
6579
10070
3249
8731
3893
12508
14835
3933
7718
18033
11084
11414
11846
9919
14930
13641
2548
4225
5176
12177
415
2740
19980
18885
5102
482
13102
10894
18932
7437
1335
1528
10274
9218
6575
4375
2653
16346
946
12691
508
16821
8437
1324
7563
11695
1481
3340
18720
18305
15904
18552
11431
10882
12698
16122
7481
13204
51
18439
1114
2992
14056
18451
14447
12726
1562
7642
6109
16579
13584
16843
4036
18148
2718
17059
18365
18680
3000
12505
15363
10464
15640
3037
18330
5095
9077
18165
6413
11284
6782
9835
7261
1909
1259
16165
4475
14986
17671
13334
5774
18263
15531
17793
2822
12108
1902
6000
18654
10382
14533
3866
3637
4000
18378
3090
5904
16843
3928
6575
7197
8725
803
10119
56
5102
5023
12560
7300
18202
3425
11567
9721
9268
3630
7256
12945
6608
3027
840
9393
19124
15188
470
16264
10025
17169
11483
15508
400
6127
13224
6696
17340
18683
9641
8746
6301
11487
5837
11425
12391
6409
7766
2586
275
8787
7262
2052
7369
12195
19583
18110
10039
8137
5672
7529
7461
4132
16299
5059
12854
18609
297
13337
6755
6054
4061
9138
12045
10855
14507
6916
15384
13271
2673
5568
4776
15970
10152
9348
17923
4568
5549
18894
1075
614
3142
13278
3045
10446
934
9037
14104
18375
292
7105
4410
17612
14355
3602
1687
17390
17398
5402
12821
9722
12338
16428
19078
4210
18579
5601
19617
4374
7368
12396
2990
3915
16863
10923
11325
6352
4097
18485
6863
16487
16019
19552
15557
17113
6809
1072
7393
9422
13646
73
18158
534
8128
9490
2301
6599
5511
13145
11607
4901
18981
5833
19357
13399
11127
19434
14661
1154
19808
1008
16657
18068
600
13791
3258
17378
13021
17043
14142
9339
2704
5683
12662
9543
16719
15640
16374
10295
14225
5873
10863
8500
19645
12979
6559
8488
10544
19346
3227
3220
17401
773
11821
2307
17470
4496
8391
288
9904
13574
19723
3595
4334
18548
5412
19647
101
2327
6042
16514
18314
9240
12169
6583
13928
14174
13795
12665
31
12758
15009
19977
1522
18510
3507
2453
378
17906
9644
16790
19681
19285
14739
2705
18611
16545
13300
12806
15576
13563
18861
538
1680
268
8120
19629
11709
16322
3071
13477
4820
3327
15805
17919
12130
11512
5676
5817
13383
11821
3519
6889
9890
9359
2607
1246
5924
19117
1032
10044
15759
9920
5199
11711
18541
7536
9123
17174
8183
12884
9212
2532
10457
16277
19226
2599
4495
13633
15104
13774
10857
15603
4330
19656
13379
5542
19554
17859
6974
7267
1124
11445
8577
8535
18238
13437
13425
11189
3399
17821
3853
3890
19850
15503
2798
18392
6696
18634
9201
15292
11377
1761
17486
10179
4203
13223
8310
16142
14620
15246
2774
3559
13905
16159
17270
3107
13971
3185
1174
2933
16980
9233
4538
15927
15433
12122
8013
18020
7450
9703
12145
3468
16896
19278
8267
8035
13078
14785
18157
16030
9659
172
14649
12124
7518
2394
391
3897
11205
12486
6940
6039
13711
8135
1369
2148
9220
16187
12583
5069
18536
18548
14533
1703
16874
9887
8511
13222
18705
600
11707
6638
19337
3465
4237
18651
17917
7424
11803
17729
11557
6934
6191
15336
15251
316
10788
2267
7283
15556
3303
11013
4815
6973
12889
10103
19334
11212
13839
1353
6650
15986
3059
15962
11131
15
13490
10395
8870
7585
685
7989
19460
6183
4706
17220
1069
628
14550
2561
8505
2151
7280
8885
18961
15844
19044
5335
15115
14940
10187
19603
287
15327
11624
18560
5331
8775
4671
16170
11956
18275
11526
14626
2157
3952
18575
9646
8448
12984
19724
15869
4584
11955
11933
13283
1460
5092
145
629
17867
6820
13803
6710
807
2067
2127
15554
15041
12760
355
6356
6567
13953
4127
14150
9704
8023
14202
2134
12483
10360
18690
1593
30
5015
4994
367
610
13707
18651
5778
4051
6666
11247
12975
7210
8714
4604
14625
6177
19047
3430
12894
19908
8144
13605
19637
14969
237
8305
15765
6083
14795
9140
5698
12163
5439
14508
7859
12521
19744
12333
7136
12943
8351
19390
259
16311
16837
14404
10021
17466
18777
17097
9286
6996
13431
10386
721
13634
16501
7910
3183
19967
17389
14081
711
11118
1400
8832
15043
1117
320
14273
7621
6630
19812
5418
1988
2736
17069
12189
2547
449
7152
4869
10599
10660
1464
210
3602
4193
6784
10361
8596
2668
18307
1829
5720
19842
5131
16634
2767
18134
11613
12868
6713
10012
3048
6830
3151
18924
9104
3933
19577
19479
3438
10573
13461
1542
2953
4129
11041
7951
15115
3310
7771
531
6774
6016
6377
14094
12928
6898
13441
3121
8865
11827
455
10801
14123
11434
297
15127
1700
923
15041
11721
10961
18345
16063
18098
7671
18507
2361
9028
19589
4725
8041
17714
1079
5584
14898
2446
5151
8917
11035
3437
6382
10170
1451
19523
3160
17353
1539
19408
12677
19758
9437
7154
17113
12637
18159
6593
4452
15023
13450
14354
12361
2883
8299
16187
8574
4788
10059
6282
6220
12298
1086
14257
17528
2232
18869
9514
14346
13023
6552
17644
8917
2349
9822
8568
13346
18212
1064
1109
1196
666
16754
13673
19649
16376
19002
15733
5670
13197
17198
19799
4620
6961
10690
18566
14734
17657
18438
16925
5931
17191
6575
13524
6364
15921
9817
11566
15174
146
7658
3536
4862
17738
1287
19542
1733
14108
2170
13948
17846
5691
8219
10007
12897
3138
8507
7163
9491
1404
2453
718
10226
18916
4408
8549
10027
13010
9605
4563
2177
3827
2379
3580
1474
3854
12621
7328
12959
15296
11383
6237
19638
2462
1585
16726
7659
11373
4760
18658
12354
13746
9766
2668
13608
17572
14412
2034
13975
11465
15931
8788
17993
14955
11233
18757
16117
11942
12893
15213
1730
9467
11786
5823
14649
9017
2323
12592
9579
2523
11232
19475
12939
10264
15796
7363
16511
2844
2515
11104
1340
14448
2103
18281
10325
19544
1785
14398
12938
10240
802
4191
10515
16464
84
3738
15542
16172
2023
3051
3390
7757
1271
3850
19925
1855
12523
2201
13436
14729
6202
10700
4317
10433
7993
19895
10939
3920
3164
3644
15149
2301
11608
18068
15846
6440
4549
8827
4043
59
18836
6362
17888
18558
9787
13830
1054
14727
8490
17396
12945
3538
14526
13571
4164
13207
33
13296
15661
14720
6060
7449
5023
6990
17136
3463
8315
19861
5010
7747
10940
2119
17477
13597
5933
6720
13251
19278
3130
10402
8801
5973
17663
9892
8098
10283
11200
1869
11220
10962
4384
18895
2727
14582
3894
18484
5772
9806
12578
7507
12861
4969
16085
9110
9223
8640
4446
4349
9700
17865
12021
5713
15123
3768
4276
4727
19094
9211
4807
830
1110
18183
1058
3708
6980
1620
12160
6273
2463
9341
7353
10468
11061
2776
8392
13097
11913
8189
14410
3866
18728
15078
12654
12806
5687
9433
3534
9290
11251
16545
13431
19814
15824
13062
13699
16736
14199
12958
9283
15159
8723
17125
5421
148
14126
1262
5835
11463
9948
1753
873
18002
1497
4216
9022
19139
15286
4428
248
15142
19870
16286
14579
13859
8047
6515
14385
5866
1324
798
13785
5258
2624
11026
13626
18264
8140
18337
15455
6899
14294
11652
12942
19801
729
6389
4179
7484
15273
13030
13294
4155
11814
10248
14820
3313
17023
2269
19255
19299
6859
5159
3252
11995
18803
11725
12873
16845
10745
9718
13351
7411
2477
13022
3789
2621
708
10520
242
15924
13567
2325
15609
8514
5508
18058
9787
13837
8560
16866
8513
5549
10869
13870
14331
6111
8458
2717
18130
18232
11150
8941
4688
6317
18586
13809
10649
131
7281
13346
18390
17854
14648
2214
14191
10716
10940
17154
4175
16407
15029
19659
6424
13440
14982
2573
2733
13658
19350
10306
18428
15078
10121
7348
3691
2247
13274
14773
14818
6313
7858
19414
18864
1984
19558
5408
10104
3572
9660
2788
11741
7309
15364
12812
1315
12111
2391
14722
3230
16001
15804
3612
16861
10350
19992
14100
13649
19145
3754
9485
1654
15461
11411
1086
969
12335
5902
7433
18471
10205
14780
8024
15305
8141
15059
11304
5576
11013
17847
1585
9660
9817
18705
14566
10584
17327
4656
16164
6914
6264
13803
4330
578
2183
8475
18535
3072
8239
7848
6627
8479
4049
10977
3738
6749
5815
6173
2926
15660
19909
7668
2241
14918
7096
5503
17911
10815
19600
19570
18326
4899
18175
13762
18504
5076
1397
11147
19746
2601
4343
16126
4138
3379
8852
14488
18620
7018
12556
7326
8280
12083
8874
19732
3582
10966
15140
10208
11204
2836
11072
11753
3178
18079
14755
531
4017
12692
8336
13087
518
16049
10606
18027
3930
481
18673
13112
19171
6119
5900
3702
782
19421
8297
3478
313
8827
16564
3394
14813
5989
15961
19786
11130
5994
1200
17575
5690
5037
18544
9517
4462
18969
12298
17407
12777
11161
17886
6214
9704
3123
8697
7047
6660
6315
8879
9912
14951
18586
9295
12198
11920
13680
8795
13813
401
17244
8014
14922
1159
7781
7877
17221
3002
5979
10003
14684
267
856
1176
4719
12346
6161
9107
15667
4955
5468
1632
11598
17826
9391
6573
318
8518
13378
14415
15541
7025
9493
11014
9159
868
10659
12507
14547
15372
10757
19617
6838
18800
9064
13540
11113
7037
12428
605
14434
7519
13644
17883
2666
7079
9453
16950
8016
13414
6612
7975
18239
4846
9468
11331
3440
8078
7466
8913
1404
8622
6045
12348
7410
3587
9349
10288
19448
11528
8182
1978
14782
19018
11671
9269
18806
8666
6044
4291
12114
18225
8978
14942
6739
5522
12956
15409
7478
18861
16061
13892
19265
17612
3648
14717
6507
12655
9334
17043
15336
1382
8743
17324
14705
16931
4441
7742
17271
16352
5500
7773
6000
17383
10129
11093
17434
18523
4809
15002
17550
2101
18367
4549
11163
5016
14432
8559
10794
6840
10706
9739
15952
9976
18492
16056
18762
11547
904
5563
16878
11719
13219
1885
19623
8132
13786
2522
18281
11132
18941
7179
16496
19494
367
18304
1698
1319
8326
11018
3504
9792
9216
14625
10035
8499
10875
12897
18073
5970
14076
15310
18004
4158
13661
16431
19492
10528
17727
5630
8800
8445
18327
14319
13718
5551
12106
12890
17027
4820
14322
14554
4427
7974
14675
8261
17884
5953
8398
7884
10321
16115
1035
9870
2592
10874
10350
16524
8683
7440
13797
7135
71
13368
15006
4116
5180
7591
7695
6350
4873
1629
475
6937
9919
10661
10958
17518
11363
9151
2633
6367
19752
10710
2922
2444
14143
16883
5870
2593
6830
4548
7901
4066
14738
6623
10079
9574
13408
5751
5305
17041
14521
5670
13900
11251
12897
9939
16001
19582
13896
2720
14210
19006
17175
11296
4938
6545
17725
15015
1870
10376
10134
10347
8
3763
7009
6742
13710
9013
7492
12977
7168
3633
16819
18679
777
5892
2842
709
1804
1951
472
9099
12826
1776
19959
12226
16348
15999
19965
5913
19060
10927
11356
16142
4148
3881
2652
10069
5124
6061
3085
15027
19583
5108
4175
10204
6348
4568
5796
684
14430
2435
17641
8540
17237
15964
12038
665
10482
4944
9055
18031
17213
10609
19818
16052
8415
12386
18999
10764
12611
9663
2399
10475
12907
761
10561
17606
14917
16301
4363
10388
14002
9155
3515
19106
15262
8169
3908
16592
4727
7831
14748
7635
15165
11100
1407
7009
14964
7557
4944
795
13521
14073
14213
10703
1563
10197
11514
6059
9851
5423
17712
13158
14707
548
7769
16673
3785
10302
12626
12796
538
19422
8359
18807
10813
9390
18573
8755
14
17984
944
9946
14269
18860
13866
19909
4033
13338
4129
8547
13579
11581
1572
15145
4796
5361
11643
14932
8751
19587
1813
14882
3429
14794
2768
3437
1118
17781
10325
3848
13845
2572
19016
5812
10329
8903
3259
15103
2864
10413
7066
5870
7592
9734
8235
5311
6580
2654
7935
5383
5166
18561
1653
1263
2978
9335
12414
1230
2103
3888
12239
17655
801
10538
2744
13801
6241
14396
10856
6105
4666
1969
548
6638
12445
10152
6558
15430
16434
1799
1010
17340
17100
15074
8890
3170
12826
18745
13303
19704
8853
10638
16449
18359
19287
1409
7271
17133
15605
10843
11685
15550
109
8862
6359
7275
7754
18418
1956
91
4795
2482
6791
17929
17686
2286
6833
4641
10674
19038
2998
14188
15517
16271
11656
16952
1772
5027
19304
16840
1086
19064
7335
18886
3928
12261
7847
12017
12200
15430
16411
16692
16162
14699
12767
12090
9118
18672
5353
2530
18288
6539
630
7824
15304
14338
3119
7240
14786
1547
17111
11768
14410
5187
5958
4370
14919
13648
9920
12911
3522
17395
8464
5448
9097
18762
17988
2575
2655
8019
883
6503
1495
17886
6888
11567
488
13706
12664
5843
18923
1434
10524
18575
16364
657
2268
13076
15941
14818
19052
9819
18526
15834
13222
9381
16224
5293
13067
9946
18614
19425
16418
19037
10186
10031
4027
4183
2404
18550
18676
12192
8839
5466
937
11730
16800
2228
17543
18887
13914
17878
3277
10414
13079
17581
2350
14331
4232
15226
179
12581
6380
7302
1516
15424
18313
236
15862
12253
11450
8361
16103
8530
13251
4737
1307
3517
14632
11968
19620
8500
19824
5247
12191
10181
2109
4782
4079
8946
13869
19809
13062
6669
4397
11375
12298
3765
3892
6077
7771
10168
17087
17942
16457
19913
14940
648
16154
4031
17835
17258
2903
1424
8716
19657
16956
12420
19608
14895
3202
4689
19947
603
17016
6210
172
16680
11447
4978
9000
5442
6696
133
7837
17406
7813
14210
10750
4918
1557
1179
3449
10790
8355
9981
19700
4152
10292
8241
18630
692
1073
15835
11341
9480
8905
3020
10274
13567
8210
12789
19777
16532
1140
12166
11286
12181
14805
2102
11587
19573
5162
681
17574
10571
3504
19306
15946
2090
6485
16567
11293
10255
15611
19472
10988
8625
17152
6723
337
17695
18392
13739
6426
17860
1168
4095
14082
3006
18633
17083
2419
16956
6174
6071
15373
19917
2439
7345
4689
17140
1381
4135
8775
6981
1295
15499
15887
10535
1747
4761
5055
10041
4367
7181
3211
8251
18410
1563
1935
5935
17057
15459
2276
19721
15364
18693
1074
7459
5811
4857
17224
13283
12391
5492
1318
9579
9167
6629
17100
18021
14240
2383
8186
16890
15065
5281
8462
6845
6056
18024
19618
12331
4403
16349
4252
834
15062
17706
7964
7140
835
15415
8912
14815
18486
2999
18226
12068
6832
18386
19752
4205
17742
2653
2549
9842
5984
13017
4567
13091
18860
14746
10968
8873
11555
1683
15502
3573
19163
79
18395
18215
1288
15402
19173
6342
202
6830
7865
3784
18459
19108
3030
12522
6930
6449
10026
5809
19182
8180
17979
6753
13136
807
18881
17549
5964
16206
17245
1530
13123
595
3780
5253
7510
14015
11491
12783
19635
14971
17666
9371
4776
19946
184
16720
8042
12460
1563
7013
3278
1371
19214
7907
6765
13101
5318
15662
11639
7473
4762
18609
13961
11850
4595
18134
6401
13264
13412
19371
445
13219
14120
8789
3077
14860
18525
858
18877
17186
17166
992
13455
16008
2850
16940
19187
16332
11302
15827
9154
5854
7395
9025
10258
4250
10379
12049
11427
7970
16546
11650
7854
15187
2781
17307
7217
627
19427
19310
8798
14941
5906
596
11461
8317
7525
14554
11405
3017
16918
5970
15647
4528
8552
17309
2160
6018
19733
7506
2614
5768
16564
15476
8647
2296
8265
5511
7612
16833
18329
16761
18731
17853
5915
3985
5602
7340
15943
1761
5985
13485
1315
9333
4815
19491
5699
18301
1372
3184
321
10322
6552
7104
13199
17020
11171
3783
14252
19295
11243
5879
4729
8207
1164
15860
4387
14634
10750
14929
14870
19887
7056
15879
2703
4466
6919
9548
10367
17154
11163
19594
8868
11626
16392
5237
10248
2763
5336
16697
3484
19869
1652
12977
2189
18960
146
16713
17581
1330
8336
5750
15132
10571
308
6152
18355
5235
8785
16318
8151
9336
6364
16906
11163
7862
11849
6241
15571
19500
2614
5897
17765
3753
18945
6152
8335
4641
11291
5977
10815
18171
6358
7282
11620
15762
12995
8073
4606
817
13797
4232
18705
626
13371
14591
2057
786
19200
8998
1088
14338
16039
4058
17961
2781
19789
16241
14852
11186
1774
7028
18473
4570
19373
19814
3286
17725
13933
13221
16854
15702
1905
534
15748
7113
10139
9930
5464
17465
11284
5205
2783
14695
209
11666
4002
4098
17413
16894
7491
14842
10332
1054
3998
5249
8501
16449
13146
19035
13500
987
9560
9692
9619
15279
7060
15203
6188
18020
14360
10280
7503
19372
702
8304
11284
17018
14879
10164
1611
4573
6063
2169
7266
7059
19899
10247
1427
3103
8278
2580
3637
18577
16247
17901
10014
1336
14486
1611
2599
11767
10783
16923
13821
8821
18955
3210
6985
16225
8646
18748
18737
18554
4444
10041
14440
1854
7745
14912
12394
18505
19820
11561
17848
1008
9500
10757
12725
14388
13930
13366
12016
1892
5835
400
2765
3686
5713
7770
6597
13211
2421
2936
11709
924
10569
5641
5277
67
18169
19905
2212
14194
2977
9491
11199
11109
967
14000
3952
12926
15362
7810
18645
16928
19679
9028
13425
6913
13210
10651
10968
19712
12383
11122
6
16583
6439
6467
4766
14138
10864
11202
18252
14524
17013
196
317
19522
1358
8682
6456
18258
2810
12597
18256
3221
1541
16439
11452
14262
17742
838
2506
15276
13772
7016
19672
13242
8115
330
9457
14316
14589
87
14445
16660
5255
7813
3394
4702
447
11168
19560
14502
14370
5692
18181
4926
9709
1575
9061
14304
19668
7624
5185
7264
894
9638
3310
1428
5722
5352
7463
8667
7164
3162
11289
10580
15095
16794
183
12915
7069
13134
19150
8589
2197
15375
17312
4016
11536
8690
5028
8425
3409
616
4539
10849
7115
13321
90
14477
3448
9969
18459
3066
15471
2336
15840
19076
17984
11902
12001
18243
9121
1571
17676
10263
12509
237
6108
272
3433
7354
4693
10820
17450
9733
7665
9016
4864
7713
15740
8540
19541
12927
13683
1203
15454
4835
1719
17748
9438
18212
1725
2576
13565
18781
4148
12080
5586
9181
6586
11290
10879
12447
19958
8500
14336
5208
3223
12565
5634
17770
12553
2578
6313
3286
15936
4579
12121
3194
9111
15015
9034
1113
13797
15619
6423
2379
4141
9408
15772
1424
12328
12478
8410
4161
9288
1285
10677
17585
1434
107
19977
3765
9384
18367
10140
420
19580
12509
19541
15264
4759
12102
413
6304
14219
14889
12781
5292
19790
430
11473
6495
8479
17056
19628
8002
17708
1810
7144
17720
14084
18064
17511
1280
1651
495
11458
14014
10540
2117
848
4205
1973
3052
11277
19801
10559
5716
16786
15759
9795
6138
15158
4235
11745
16055
17197
14787
16808
15522
8471
16784
14520
672
6916
1212
1334
16360
4766
4064
6304
8345
8236
18493
623
14716
13390
7927
11944
1243
1650
17333
9416
10338
3355
4798
10395
18323
2843
648
4741
680
3454
6258
17651
9980
15932
9770
16974
16175
18627
881
15922
3942
2962
11912
7142
6761
2582
17322
9064
2422
9645
8879
10477
19650
6660
8651
4261
10516
7353
7026
6220
8356
4952
17937
19950
15848
11364
8473
13678
12966
15665
5088
8
19473
15345
3563
14526
11664
18742
14936
14175
18023
2106
4573
1365
3504
9728
6571
4736
17105
10581
678
12523
2434
9887
3927
19451
15950
19078
14157
13112
2569
12567
7620
10737
3315
4770
17857
2332
14716
5823
8032
1091
4623
19431
13907
7028
14144
11277
19650
14777
372
1438
13671
1488
19611
19242
16648
15752
15772
4005
18965
13506
3635
83
9723
11845
1656
19679
4519
16682
14020
11839
4186
5191
6616
1082
1681
8977
6626
4088
19293
8903
412
17901
3385
17518
9396
18064
8832
10011
8612
10135
10359
9654
17626
3025
2959
18635
18498
17581
18584
10258
492
8869
11286
3416
16206
5580
8011
5286
18819
15004
7215
13197
15134
7009
12514
11577
14111
15462
13523
4952
15581
523
11107
12909
8817
266
9200
17968
15654
5045
403
2307
17859
13052
17533
14269
13410
10511
8323
10592
11405
4931
15446
5300
257
4863
9062
1191
8890
4606
4079
4859
5603
17285
19294
11190
4295
4745
630
8269
12752
17704
15636
18635
2662
4592
11440
17816
6058
12524
13359
16093
7876
8837
6326
14422
9314
16626
6348
10451
1681
2732
14168
15579
15412
1601
8315
8976
13960
3461
19748
19527
7231
252
15257
11614
4255
7753
1832
15686
9791
7329
9169
9550
14538
15752
12509
1329
13651
16524
3002
10008
13242
11135
17773
4521
9558
13712
6880
7310
10525
17475
19363
13292
14340
6447
15555
178
4802
10863
17849
11069
8064
9698
17118
15287
511
8771
16962
18355
2425
7846
2967
17077
17145
15174
9188
659
401
12923
19009
3797
9514
1912
2599
2677
7146
19109
18126
9820
19281
6312
8939
8719
12145
13467
13885
14191
17726
5049
12963
9392
2606
2943
15499
15433
19774
4271
3020
14526
8114
17600
4036
12605
9266
5960
2889
12356
16524
10119
9884
12600
15484
10552
4867
14952
1113
11535
11458
3709
926
15804
4105
9898
18978
3228
15164
15417
326
11909
14188
18220
684
5173
16606
4462
10929
12868
3982
18568
11162
424
3052
7139
14013
4100
15709
17647
1859
15860
17140
17854
7668
6317
4289
6891
14134
19178
1844
13931
10811
15636
17925
5400
13909
12133
6679
6663
18466
19947
19938
9113
17564
29
15167
18619
8284
11532
11852
6243
9090
17467
13546
7199
18320
15931
17734
18954
8484
10332
731
14438
16050
17059
9775
11289
11399
14034
19524
3061
18652
18572
15129
3354
42
8006
9078
18786
4525
1489
3998
11746
5321
6442
18602
18880
16062
18052
18968
16229
247
5289
2331
6966
13677
1850
5594
12671
4578
5493
15726
14074
1075
14181
4240
12216
723
12485
12946
5947
1776
6673
3159
6719
882
11930
5549
16596
6890
149
12831
425
5456
1715
2461
8105
14140
19743
1553
7894
12682
189
11181
16683
18134
6273
12269
18187
19545
10663
246
4975
11890
3850
660
5293
13916
2145
2939
608
19609
3751
14478
4808
17955
6334
2253
1005
697
4535
14133
16866
2760
10864
17097
4430
5042
8409
14526
15317
14262
8796
9765
7301
19533
13846
8142
3158
10377
4357
14637
7740
5837
4453
9376
14213
9404
14936
8148
15381
9421
14084
128
1061
9671
9323
19995
7419
19824
8215
16634
9219
435
2205
5601
10921
2183
1553
17553
17567
4032
4903
19819
11379
7
11909
13302
5031
9272
12371
11902
7510
9195
10312
16646
3513
16089
6431
1709
12318
3317
7377
14527
17068
11443
15270
17166
394
10131
15923
1157
7336
16461
9181
12976
1472
19361
9839
12349
5220
4841
12554
10584
232
1717
19202
1105
8819
12501
12119
19385
2358
19171
1645
14453
7602
18473
1439
19184
6840
6479
9970
11530
12843
17055
1651
3909
4531
3955
16023
2920
14299
1208
18459
6573
2948
1495
10802
11239
3138
17204
15377
5480
17330
13848
830
12973
1121
10528
3216
11692
7942
7143
774
1560
16031
3020
5836
17735
3630
16659
2304
11731
3350
1279
2127
7562
11623
15851
19219
5091
14194
16310
4260
7767
13590
16623
8809
16958
9489
14420
12174
39
7946
850
9473
4448
401
19372
4321
14879
18405
3153
14588
15811
15016
5775
4657
6557
8783
4921
2625
1018
11270
3741
5884
9328
4055
19585
3516
3593
16130
14778
8943
14886
17660
9143
1270
13706
11020
18941
18755
11081
5055
11931
12844
2502
3504
13229
16214
1876
3518
1649
3255
17689
5214
1234
6430
8560
18205
17632
16952
378
16032
14039
3219
12209
14454
6373
5431
3162
14516
2369
9848
17395
16341
14300
11101
9457
14583
19985
16023
17149
11480
11797
7404
14088
8436
18336
11138
19171
2083
8477
15180
5120
15746
12456
13759
13292
2262
19706
15283
6951
19081
18111
17372
183
1586
4377
17454
4643
5584
202
12374
1318
14882
13935
5432
9507
14907
12409
4313
10182
18293
12644
18322
5944
13384
8091
8382
4736
11579
9120
8217
19527
14467
2434
164
1125
6678
19095
14058
6338
5403
5850
2616
8640
2503
19448
11759
3554
162
8627
9321
5927
6003
13473
567
1283
18621
16822
3972
18452
19464
7406
5684
15651
11991
19417
16121
17209
14064
18196
17132
3134
14494
6712
13164
18681
9681
12532
4870
16149
1299
19974
8592
6051
943
17111
10164
19886
12696
12338
6473
11665
9536
166
13201
10399
4530
953
2203
738
2757
4237
16955
13934
4878
10382
19495
16323
18318
10197
7312
7522
16977
7249
3617
5514
15406
12522
9425
813
8409
6139
10892
6910
11979
5817
344
19160
6527
6746
14435
19327
8329
2587
17872
7955
135
2268
6145
11759
16879
2265
5692
18220
7418
19063
14951
14585
18246
11481
14725
13436
10122
7541
1299
12037
3539
15585
754
17633
13984
4312
7900
15902
2916
1427
18288
4726
15410
5591
6717
492
390
11370
10682
9098
14407
11840
2210
18849
14881
8574
16499
17440
13761
3669
10827
207
7524
13513
12133
1834
4467
8983
16747
8704
15219
11749
10672
14088
17410
1384
3874
3343
10441
12959
17017
1327
1291
9815
4073
19202
7292
1203
19249
2823
6813
19462
1670
9895
13804
16452
16247
8086
17105
3899
14187
11285
10497
7361
1554
16195
4402
8491
9342
6440
15183
15290
3492
16387
12980
5037
18283
11852
14019
9578
1536
9895
8330
17672
5085
4888
18812
14069
18924
13028
12588
16
12493
12509
10575
4882
11527
1512
6220
3570
3910
1228
9332
19436
12967
16074
15946
17366
1642
8319
10169
16726
15984
9278
8922
18863
1393
14283
5544
8841
10052
13611
13170
16101
2999
16554
13839
3741
15247
10820
4257
1092
17428
4460
14163
19282
12363
2495
18224
14476
10019
15439
7409
8483
9281
1908
10767
1412
19975
12494
3559
16059
3586
7099
2668
18732
16104
2909
15237
6184
1433
15209
11469
13339
8811
18205
17516
1523
12664
18068
9410
11852
18343
15356
13968
13500
2176
19032
7602
1506
19277
19244
8976
3825
17540
11066
6458
2303
1268
6377
6281
17265
12865
16082
12376
10407
6034
9844
13793
5669
8915
5526
665
12793
604
5529
14640
3239
9481
2210
4726
13148
6806
19570
4479
13056
13992
3401
11483
9018
7014
17073
15045
4855
6386
5157
3059
202
6136
12069
3958
4042
227
7913
4710
8410
9857
18729
10780
11974
71
3314
19003
8152
19132
3821
19314
17480
19082
2305
6245
8893
929
423
6164
19633
12903
4463
11162
8446
15218
2886
15539
1776
9770
8587
15831
17626
18219
3039
304
16793
16882
4530
18859
16145
1886
7658
9288
3636
3012
6290
811
19759
9658
17168
838
15094
17383
6339
15892
18671
8444
5612
2624
16818
4779
11216
9874
7177
16869
1857
17693
17597
16914
18356
4280
4564
9765
12056
16772
10879
48
14183
6809
7257
18914
3360
16828
7543
18858
13441
8017
12223
10040
8878
5866
19927
16549
19782
4250
11612
16049
13889
13989
17097
11229
7601
6818
18662
6525
3301
10700
11373
8517
5122
17430
4843
13469
10363
8457
16100
10420
18735
9870
8258
13293
6627
12478
14675
440
18580
17929
13290
5062
13157
16797
818
4952
5387
9584
1502
4985
12992
6566
10096
10810
18557
7427
13783
17158
4855
6611
2695
19225
5498
15344
3747
556
18114
16238
17447
15873
12218
11448
2386
12277
8995
10285
17099
17269
15151
7255
13961
7029
18041
6430
4840
13379
14251
13116
3156
12880
8825
18740
12073
6492
7324
9896
13474
3242
7907
17485
17438
6332
5613
6902
16886
5121
6048
15183
17087
1431
10639
6068
14729
3601
673
18911
6206
6740
12281
12376
9856
2594
19576
8855
11789
7501
8115
10545
10032
1827
5886
3121
16659
19363
3999
7953
2586
10087
4276
8783
14747
4748
15912
3823
305
14709
8423
19192
17612
5469
13034
4648
18586
7325
9722
17529
12211
11596
2087
5872
3831
5850
7244
6610
9931
6576
12920
19821
13100
12728
18948
4940
6853
8596
5342
9883
5006
9422
14141
9020
15284
8207
17211
10934
1863
7156
7191
1899
6522
2182
13771
16021
3089
13911
12487
7979
4888
3640
18232
9293
9849
17662
649
14072
12992
8412
3614
5174
956
5872
15989
16703
8263
17657
5826
13802
18
1237
15223
15663
10715
16728
18006
12700
13841
13675
7433
13818
1977
10292
6105
4713
2070
8567
15274
3159
15565
13696
5726
2183
18094
11255
17440
17110
18402
583
203
17378
1192
7778
12369
9082
3595
6764
19947
19177
19930
1866
3211
17277
14458
10326
3022
15994
6811
8186
4033
15742
19783
8008
16987
4960
4174
1828
7281
11676
367
7815
1982
7355
1340
4051
12495
8981
6782
17883
15060
10283
3015
4275
16265
18072
8402
11601
15775
14606
8933
18322
3445
11928
13672
8974
13021
9119
4757
2910
19612
8395
1636
14240
13113
10986
4229
6392
4778
18745
4707
9742
9123
12413
2566
15752
8351
2480
2693
6040
11473
13584
1109
19843
5345
8383
8069
8280
19763
1835
3221
8884
13843
1826
2499
18813
15858
17086
1439
10199
13707
18324
4613
16059
18229
3524
15866
210
6535
3340
9029
9626
17535
7526
3825
12677
16879
18338
16623
11677
13459
1845
755
3195
14700
13089
16059
4549
12794
16034
12361
9933
19084
4228
16557
4614
8781
13133
18009
10625
3198
53
11918
2405
1693
12591
5379
15816
504
11584
15798
18976
670
19449
16360
18350
12219
9868
8233
18524
6809
19772
4200
19116
16025
9531
13407
17251
17495
2324
1904
9037
16034
18584
8682
8487
11991
6501
1883
7314
13992
14478
4868
4052
18269
16511
6850
15919
1748
6409
17747
11879
1104
1801
11974
10334
14957
3870
10844
9875
11400
3739
18271
6546
8047
11460
9456
16042
16785
8541
17259
4289
10427
9936
5921
14842
13441
6456
6852
6534
3950
3518
16142
19817
19191
17189
18511
15235
1619
13443
7362
12455
7838
1585
15642
3316
7556
17771
17187
17304
4747
19559
3243
2918
18205
17439
3856
13345
3683
14271
8804
9890
4798
8567
7772
1603
4897
2563
14455
4528
17064
1011
4268
9021
14462
11632
363
8572
8190
3167
7633
8571
4856
1963
19384
18445
1033
13029
6387
15623
16805
16508
2958
14745
15579
15490
9802
565
2359
16115
18259
7989
17656
5898
5679
17667
9238
1211
16592
605
8893
19864
9366
10200
6409
19726
13043
5172
17934
9310
4036
11801
10930
1278
17379
18917
12893
4780
12210
4092
16029
17598
16191
14450
15073
3991
18527
10549
445
9216
6298
6763
13921
6638
3771
6613
19012
18383
19393
16468
3239
15452
10144
6066
14493
8256
17941
9290
18651
3498
17786
3638
10669
8328
2330
11812
16304
7738
12556
13884
6675
6103
9264
3462
12840
8829
5045
6295
12583
5030
1419
4760
6597
17182
858
16667
6241
8682
8335
1809
77
5263
2134
14717
11355
11183
18568
7033
3652
6150
321
7954
16832
13892
3086
16177
531
18339
196
1791
17356
8329
9921
1542
12964
16794
15142
15916
15235
5355
10062
1480
9707
10258
13669
16907
3476
10605
14611
6138
14732
4801
17192
7101
10131
6164
3172
19447
17188
13631
9046
9710
3875
18499
3508
17366
2612
13143
14770
10188
846
12637
2436
2373
5391
5229
13619
13849
12732
12596
7974
14211
2470
5828
1349
19732
16102
8064
2741
16872
8315
19733
4231
10724
2996
7327
8605
1849
11125
1647
4330
19920
12761
16455
2583
